0 0.037259615384615384 0.12860576923076922 0.07451923076923077 0.06009615384615385
0 0.21754807692307693 0.39663461538461536 0.07211538461538461 0.09615384615384616
0 0.19471153846153846 0.052884615384615384 0.12980769230769232 0.05048076923076923
0 0.2439903846153846 0.03245192307692308 0.12740384615384615 0.06490384615384616
0 0.28966346153846156 0.27524038461538464 0.11538461538461539 0.05048076923076923
0 0.3233173076923077 0.31490384615384615 0.10336538461538461 0.06009615384615385
0 0.32572115384615385 0.12620192307692307 0.07451923076923077 0.06009615384615385
0 0.41346153846153844 0.125 0.12980769230769232 0.05048076923076923
0 0.4050480769230769 0.056490384615384616 0.10336538461538461 0.052884615384615384
0 0.4362980769230769 0.2536057692307692 0.13942307692307693 0.055288461538461536
0 0.47115384615384615 0.042067307692307696 0.10336538461538461 0.0625
0 0.49759615384615385 0.015625 0.08173076923076923 0.03125
0 0.5625 0.14543269230769232 0.04807692307692308 0.05048076923076923
0 0.5757211538461539 0.2091346153846154 0.021634615384615384 0.07211538461538461
0 0.5625 0.04326923076923077 0.04807692307692308 0.0625
0 0.07932692307692307 0.6033653846153846 0.1201923076923077 0.0985576923076923
0 0.6141826923076923 0.6694711538461539 0.05048076923076923 0.09375
0 0.6177884615384616 0.5877403846153846 0.057692307692307696 0.0889423076923077