0 0.36658653846153844 0.12379807692307693 0.052884615384615384 0.12740384615384615
0 0.20432692307692307 0.18028846153846154 0.04326923076923077 0.0889423076923077
0 0.27403846153846156 0.28846153846153844 0.03365384615384615 0.06009615384615385
0 0.5204326923076923 0.2824519230769231 0.04807692307692308 0.13701923076923078
0 0.2932692307692308 0.4182692307692308 0.04326923076923077 0.0889423076923077
0 0.40625 0.421875 0.04567307692307692 0.1346153846153846
0 0.19471153846153846 0.44471153846153844 0.055288461538461536 0.07932692307692307
0 0.038461538461538464 0.46274038461538464 0.04567307692307692 0.11298076923076923
0 0.34615384615384615 0.515625 0.040865384615384616 0.11778846153846154
0 0.1778846153846154 0.5492788461538461 0.0625 0.07451923076923077
0 0.27283653846153844 0.5396634615384616 0.040865384615384616 0.09375
0 0.5396634615384616 0.5336538461538461 0.03125 0.09134615384615384
0 0.06370192307692307 0.5480769230769231 0.040865384615384616 0.07692307692307693
0 0.4423076923076923 0.5456730769230769 0.08173076923076923 0.08173076923076923
0 0.3161057692307692 0.5637019230769231 0.05048076923076923 0.04567307692307692
0 0.38822115384615385 0.5637019230769231 0.036057692307692304 0.04567307692307692
0 0.3605769230769231 0.010817307692307692 0.038461538461538464 0.021634615384615384
0 0.30408653846153844 0.055288461538461536 0.055288461538461536 0.09375
0 0.9314903846153846 0.08653846153846154 0.07932692307692307 0.16346153846153846
0 0.9795673076923077 0.0985576923076923 0.036057692307692304 0.1971153846153846
0 0.8449519230769231 0.10697115384615384 0.08173076923076923 0.15865384615384615
0 0.7644230769230769 0.31009615384615385 0.09134615384615384 0.23076923076923078
0 0.7079326923076923 0.36538461538461536 0.11298076923076923 0.25721153846153844
0 0.6129807692307693 0.38461538461538464 0.11057692307692307 0.11538461538461539
0 0.8125 0.5036057692307693 0.11057692307692307 0.1658653846153846
0 0.6538461538461539 0.5492788461538461 0.10576923076923077 0.07451923076923077
0 0.21394230769230768 0.84375 0.28846153846153844 0.3076923076923077