0 0.037259615384615384 0.20192307692307693 0.06971153846153846 0.0625
0 0.17908653846153846 0.19110576923076922 0.05048076923076923 0.07692307692307693
0 0.21875 0.29927884615384615 0.052884615384615384 0.06009615384615385
0 0.2932692307692308 0.3425480769230769 0.052884615384615384 0.07211538461538461
0 0.18389423076923078 0.38221153846153844 0.052884615384615384 0.06971153846153846
0 0.109375 0.47475961538461536 0.052884615384615384 0.07692307692307693
0 0.9483173076923077 0.03125 0.0985576923076923 0.0625
0 0.5805288461538461 0.10576923076923077 0.12980769230769232 0.20192307692307693
0 0.4807692307692308 0.15865384615384615 0.0625 0.14903846153846154
0 0.8605769230769231 0.1045673076923077 0.07451923076923077 0.0889423076923077
0 0.7740384615384616 0.15745192307692307 0.12980769230769232 0.14903846153846154
0 0.6826923076923077 0.21033653846153846 0.11057692307692307 0.13221153846153846
0 0.9014423076923077 0.17668269230769232 0.11538461538461539 0.11538461538461539
0 0.49158653846153844 0.3245192307692308 0.08173076923076923 0.09615384615384616
0 0.6310096153846154 0.3088942307692308 0.09375 0.17307692307692307
0 0.515625 0.7103365384615384 0.07451923076923077 0.09375