0 0.5985576923076923 0.2848557692307692 0.1346153846153846 0.08413461538461539
0 0.6814903846153846 0.2439903846153846 0.026442307692307692 0.04567307692307692
0 0.7355769230769231 0.4831730769230769 0.0889423076923077 0.040865384615384616
0 0.7512019230769231 0.3701923076923077 0.13221153846153846 0.040865384615384616
0 0.7524038461538461 0.5769230769230769 0.08173076923076923 0.038461538461538464
0 0.8377403846153846 0.43990384615384615 0.11538461538461539 0.038461538461538464
0 0.8557692307692307 0.5901442307692307 0.07692307692307693 0.01201923076923077
0 0.8677884615384616 0.5180288461538461 0.11538461538461539 0.036057692307692304
0 0.8774038461538461 0.23798076923076922 0.0889423076923077 0.05048076923076923
0 0.8918269230769231 0.34975961538461536 0.10336538461538461 0.07451923076923077
0 0.8978365384615384 0.47836538461538464 0.07451923076923077 0.04567307692307692
0 0.9074519230769231 0.4050480769230769 0.07692307692307693 0.03125
0 0.9639423076923077 0.20432692307692307 0.0673076923076923 0.07692307692307693
0 0.9591346153846154 0.5420673076923077 0.07692307692307693 0.05048076923076923
0 0.6778846153846154 0.6153846153846154 0.019230769230769232 0.03365384615384615
0 0.6754807692307693 0.7403846153846154 0.014423076923076924 0.052884615384615384
0 0.6935096153846154 0.8509615384615384 0.05048076923076923 0.04326923076923077
0 0.8521634615384616 0.9026442307692307 0.040865384615384616 0.04807692307692308