0 0.3233173076923077 0.042067307692307696 0.10336538461538461 0.08413461538461539
0 0.046875 0.3473557692307692 0.09375 0.07932692307692307
0 0.02283653846153846 0.05889423076923077 0.04567307692307692 0.040865384615384616
0 0.8209134615384616 0.25721153846153844 0.35336538461538464 0.25961538461538464
0 0.7980769230769231 0.1935096153846154 0.39903846153846156 0.3870192307692308
0 0.4110576923076923 0.4543269230769231 0.3269230769230769 0.12980769230769232
0 0.4326923076923077 0.8293269230769231 0.25240384615384615 0.17307692307692307
0 0.9831730769230769 0.5612980769230769 0.028846153846153848 0.0889423076923077
0 0.9579326923076923 0.6274038461538461 0.07932692307692307 0.09134615384615384
0 0.9627403846153846 0.6706730769230769 0.06971153846153846 0.0673076923076923
0 0.9615384615384616 0.40024038461538464 0.0673076923076923 0.021634615384615384
0 0.9627403846153846 0.9206730769230769 0.06971153846153846 0.08173076923076923
0 0.953125 0.7223557692307693 0.0889423076923077 0.07932692307692307
0 0.9483173076923077 0.8028846153846154 0.0985576923076923 0.0673076923076923
0 0.9459134615384616 0.8677884615384616 0.10336538461538461 0.08173076923076923
0 0.9122596153846154 0.4891826923076923 0.13942307692307693 0.08653846153846154
0 0.9423076923076923 0.9483173076923077 0.11057692307692307 0.07932692307692307
0 0.8762019230769231 0.6262019230769231 0.13701923076923078 0.057692307692307696
0 0.8786057692307693 0.7331730769230769 0.11057692307692307 0.10576923076923077
0 0.8725961538461539 0.8605769230769231 0.14903846153846154 0.06490384615384616
0 0.8521634615384616 0.8185096153846154 0.1201923076923077 0.07692307692307693
0 0.7824519230769231 0.7692307692307693 0.15384615384615385 0.055288461538461536
0 0.7572115384615384 0.4951923076923077 0.125 0.07692307692307693
0 0.7716346153846154 0.6995192307692307 0.07932692307692307 0.09134615384615384
0 0.7307692307692307 0.40384615384615385 0.15865384615384615 0.028846153846153848
0 0.7247596153846154 0.42427884615384615 0.15384615384615385 0.05048076923076923
0 0.7199519230769231 0.4639423076923077 0.14423076923076922 0.06009615384615385
0 0.6538461538461539 0.5144230769230769 0.0889423076923077 0.04807692307692308
0 0.6838942307692307 0.8653846153846154 0.11057692307692307 0.09134615384615384
0 0.6490384615384616 0.6358173076923077 0.10096153846153846 0.08413461538461539
0 0.6622596153846154 0.96875 0.12740384615384615 0.057692307692307696
0 0.6165865384615384 0.5180288461538461 0.036057692307692304 0.05048076923076923
0 0.6225961538461539 0.9194711538461539 0.04807692307692308 0.07932692307692307