0 0.11658653846153846 0.3317307692307692 0.04567307692307692 0.12740384615384615
0 0.027644230769230768 0.3641826923076923 0.055288461538461536 0.08413461538461539
0 0.20552884615384615 0.4206730769230769 0.040865384615384616 0.11538461538461539
0 0.07091346153846154 0.44350961538461536 0.055288461538461536 0.11057692307692307
0 0.0889423076923077 0.0673076923076923 0.07451923076923077 0.0985576923076923
0 0.7295673076923077 0.30288461538461536 0.27163461538461536 0.3894230769230769
0 0.796875 0.5060096153846154 0.040865384615384616 0.01201923076923077
0 0.2956730769230769 0.5540865384615384 0.0625 0.06971153846153846
0 0.6802884615384616 0.5276442307692307 0.040865384615384616 0.04567307692307692
0 0.5504807692307693 0.5637019230769231 0.03365384615384615 0.052884615384615384
0 0.8100961538461539 0.5661057692307693 0.040865384615384616 0.06009615384615385
0 0.9122596153846154 0.5576923076923077 0.028846153846153848 0.055288461538461536
0 0.9747596153846154 0.6225961538461539 0.04567307692307692 0.0673076923076923
0 0.671875 0.6634615384615384 0.03365384615384615 0.06009615384615385
0 0.8040865384615384 0.6598557692307693 0.03365384615384615 0.06490384615384616
0 0.3016826923076923 0.7391826923076923 0.04807692307692308 0.10096153846153846
0 0.9326923076923077 0.6838942307692307 0.026442307692307692 0.07692307692307693
0 0.5396634615384616 0.7319711538461539 0.052884615384615384 0.08173076923076923
0 0.6838942307692307 0.7644230769230769 0.038461538461538464 0.10336538461538461
0 0.43149038461538464 0.8629807692307693 0.057692307692307696 0.07692307692307693
0 0.5829326923076923 0.9254807692307693 0.04807692307692308 0.09375
0 0.4807692307692308 0.9507211538461539 0.0625 0.09375
0 0.5372596153846154 0.9567307692307693 0.06490384615384616 0.08173076923076923