0 0.5757211538461539 0.08173076923076923 0.07932692307692307 0.16346153846153846
0 0.515625 0.11298076923076923 0.0985576923076923 0.22596153846153846
0 0.41947115384615385 0.109375 0.10336538461538461 0.10817307692307693
0 0.6081730769230769 0.2512019230769231 0.09615384615384616 0.17307692307692307
0 0.8389423076923077 0.32091346153846156 0.057692307692307696 0.11057692307692307
0 0.44350961538461536 0.3605769230769231 0.08653846153846154 0.23317307692307693
0 0.7463942307692307 0.44711538461538464 0.10817307692307693 0.13942307692307693
0 0.8725961538461539 0.4483173076923077 0.1346153846153846 0.13701923076923078
0 0.5997596153846154 0.4483173076923077 0.0985576923076923 0.13701923076923078
0 0.20432692307692307 0.8076923076923077 0.0673076923076923 0.08413461538461539
0 0.7884615384615384 0.5420673076923077 0.04807692307692308 0.04567307692307692
0 0.9098557692307693 0.5408653846153846 0.07451923076923077 0.04326923076923077
0 0.5697115384615384 0.5492788461538461 0.0625 0.06009615384615385
0 0.9819711538461539 0.5540865384615384 0.03125 0.06971153846153846
0 0.828125 0.5709134615384616 0.04567307692307692 0.10336538461538461
0 0.6694711538461539 0.5709134615384616 0.06971153846153846 0.10336538461538461
0 0.6009615384615384 0.5961538461538461 0.05048076923076923 0.12740384615384615
0 0.8762019230769231 0.6141826923076923 0.052884615384615384 0.1346153846153846
0 0.5432692307692307 0.6286057692307693 0.08653846153846154 0.17307692307692307
0 0.9507211538461539 0.640625 0.0673076923076923 0.11057692307692307
0 0.7151442307692307 0.6586538461538461 0.07692307692307693 0.11538461538461539
0 0.6262019230769231 0.6838942307692307 0.07692307692307693 0.07451923076923077
0 0.9230769230769231 0.6971153846153846 0.040865384615384616 0.14903846153846154
0 0.7848557692307693 0.7307692307692307 0.0625 0.1346153846153846
0 0.7067307692307693 0.7487980769230769 0.07692307692307693 0.09615384615384616
0 0.8858173076923077 0.7536057692307693 0.04326923076923077 0.13942307692307693
0 0.6225961538461539 0.765625 0.07451923076923077 0.08173076923076923
0 0.9699519230769231 0.828125 0.04326923076923077 0.14903846153846154
0 0.84375 0.8353365384615384 0.057692307692307696 0.13701923076923078
0 0.7728365384615384 0.8365384615384616 0.0673076923076923 0.125
0 0.6598557692307693 0.8810096153846154 0.08413461538461539 0.13942307692307693
0 0.6069711538461539 0.9098557692307693 0.07451923076923077 0.17548076923076922
0 0.4230769230769231 0.9146634615384616 0.11057692307692307 0.1658653846153846
0 0.9615384615384616 0.9519230769230769 0.07211538461538461 0.09134615384615384
0 0.8401442307692307 0.9471153846153846 0.055288461538461536 0.10096153846153846
0 0.7211538461538461 0.9495192307692307 0.09615384615384616 0.09615384615384616
0 0.8978365384615384 0.9783653846153846 0.06971153846153846 0.038461538461538464