0 0.375 0.1201923076923077 0.24519230769230768 0.2403846153846154
0 0.53125 0.27884615384615385 0.0625 0.07211538461538461
0 0.5372596153846154 0.3798076923076923 0.07451923076923077 0.04807692307692308
0 0.5264423076923077 0.5300480769230769 0.052884615384615384 0.06971153846153846
0 0.5588942307692307 0.359375 0.08173076923076923 0.0625
0 0.5360576923076923 0.5997596153846154 0.07211538461538461 0.07932692307692307
0 0.5637019230769231 0.453125 0.057692307692307696 0.06490384615384616
0 0.6334134615384616 0.3425480769230769 0.11778846153846154 0.0673076923076923
0 0.6069711538461539 0.4879807692307692 0.06490384615384616 0.052884615384615384
0 0.6262019230769231 0.4110576923076923 0.07932692307692307 0.06009615384615385
0 0.6322115384615384 0.5625 0.0889423076923077 0.057692307692307696
0 0.6394230769230769 0.6165865384615384 0.07451923076923077 0.040865384615384616
0 0.6478365384615384 0.5949519230769231 0.09134615384615384 0.04567307692307692
0 0.6730769230769231 0.5180288461538461 0.11057692307692307 0.0673076923076923
0 0.6995192307692307 0.421875 0.08173076923076923 0.0673076923076923
0 0.6694711538461539 0.640625 0.06490384615384616 0.03125
0 0.7055288461538461 0.5661057692307693 0.09134615384615384 0.0673076923076923
0 0.7536057692307693 0.41947115384615385 0.0625 0.0625
0 0.7427884615384616 0.5048076923076923 0.057692307692307696 0.04326923076923077
0 0.7199519230769231 0.6394230769230769 0.06490384615384616 0.03365384615384615
0 0.7548076923076923 0.4735576923076923 0.11298076923076923 0.057692307692307696
0 0.7884615384615384 0.5697115384615384 0.057692307692307696 0.055288461538461536
0 0.8413461538461539 0.4338942307692308 0.08413461538461539 0.07932692307692307
0 0.8125 0.625 0.07211538461538461 0.0625
0 0.9350961538461539 0.18028846153846154 0.125 0.07692307692307693
0 0.8882211538461539 0.5396634615384616 0.06971153846153846 0.06009615384615385
0 0.9050480769230769 0.46875 0.11778846153846154 0.0673076923076923
0 0.9122596153846154 0.6021634615384616 0.09134615384615384 0.0673076923076923
0 0.96875 0.6225961538461539 0.057692307692307696 0.0673076923076923
0 0.5444711538461539 0.8353365384615384 0.0889423076923077 0.055288461538461536
0 0.5348557692307693 0.9411057692307693 0.06971153846153846 0.055288461538461536
0 0.5480769230769231 0.8786057692307693 0.07451923076923077 0.05048076923076923
0 0.5805288461538461 0.9254807692307693 0.08173076923076923 0.057692307692307696
0 0.7788461538461539 0.84375 0.08413461538461539 0.052884615384615384