0 0.11177884615384616 0.5841346153846154 0.10817307692307693 0.16346153846153846
0 0.7391826923076923 0.1045673076923077 0.021634615384615384 0.040865384615384616
0 0.90625 0.23918269230769232 0.057692307692307696 0.12980769230769232
0 0.7151442307692307 0.20432692307692307 0.026442307692307692 0.040865384615384616
0 0.7235576923076923 0.2620192307692308 0.03125 0.036057692307692304
0 0.6033653846153846 0.23677884615384615 0.021634615384615384 0.04567307692307692
0 0.4543269230769231 0.23677884615384615 0.028846153846153848 0.040865384615384616
0 0.6310096153846154 0.4230769230769231 0.02403846153846154 0.05048076923076923
0 0.7055288461538461 0.4963942307692308 0.026442307692307692 0.036057692307692304
0 0.6610576923076923 0.5216346153846154 0.02403846153846154 0.04326923076923077
0 0.7247596153846154 0.5444711538461539 0.02403846153846154 0.03125
0 0.5168269230769231 0.5072115384615384 0.026442307692307692 0.036057692307692304
0 0.890625 0.6021634615384616 0.026442307692307692 0.036057692307692304
0 0.7259615384615384 0.5769230769230769 0.02403846153846154 0.040865384615384616
0 0.5913461538461539 0.5456730769230769 0.021634615384615384 0.036057692307692304
0 0.47475961538461536 0.5204326923076923 0.036057692307692304 0.036057692307692304
0 0.6346153846153846 0.5709134615384616 0.026442307692307692 0.036057692307692304
0 0.6658653846153846 0.5829326923076923 0.021634615384615384 0.03125
0 0.578125 0.5841346153846154 0.028846153846153848 0.038461538461538464
0 0.7007211538461539 0.6286057692307693 0.02403846153846154 0.021634615384615384
0 0.7463942307692307 0.6502403846153846 0.040865384615384616 0.03125
0 0.5649038461538461 0.6117788461538461 0.026442307692307692 0.036057692307692304
0 0.5853365384615384 0.6165865384615384 0.026442307692307692 0.040865384615384616
0 0.65625 0.6358173076923077 0.02403846153846154 0.028846153846153848
0 0.5384615384615384 0.6117788461538461 0.028846153846153848 0.028846153846153848
0 0.6286057692307693 0.6394230769230769 0.026442307692307692 0.03365384615384615
0 0.6069711538461539 0.6454326923076923 0.026442307692307692 0.03365384615384615
0 0.6418269230769231 0.6574519230769231 0.02403846153846154 0.016826923076923076
0 0.5540865384615384 0.6550480769230769 0.03125 0.021634615384615384
0 0.45072115384615385 0.6490384615384616 0.021634615384615384 0.03365384615384615
0 0.0829326923076923 0.6802884615384616 0.06971153846153846 0.02403846153846154
0 0.6430288461538461 0.6983173076923077 0.12740384615384615 0.06009615384615385
0 0.5733173076923077 0.7235576923076923 0.15144230769230768 0.11057692307692307
0 0.6286057692307693 0.8137019230769231 0.13221153846153846 0.18990384615384615
0 0.8377403846153846 0.9338942307692307 0.08173076923076923 0.1201923076923077
0 0.47716346153846156 0.8786057692307693 0.07451923076923077 0.23798076923076922
0 0.7163461538461539 0.9759615384615384 0.13942307692307693 0.04326923076923077
0 0.5661057692307693 0.9615384615384616 0.1466346153846154 0.07211538461538461