0 0.038461538461538464 0.13341346153846154 0.07692307692307693 0.2668269230769231
0 0.20072115384615385 0.1502403846153846 0.19471153846153846 0.3004807692307692
0 0.3858173076923077 0.2704326923076923 0.24759615384615385 0.29086538461538464
0 0.7427884615384616 0.009615384615384616 0.038461538461538464 0.019230769230769232
0 0.6838942307692307 0.03365384615384615 0.026442307692307692 0.04567307692307692
0 0.5649038461538461 0.038461538461538464 0.026442307692307692 0.040865384615384616
0 0.7331730769230769 0.055288461538461536 0.03365384615384615 0.040865384615384616
0 0.6346153846153846 0.07572115384615384 0.026442307692307692 0.040865384615384616
0 0.7415865384615384 0.11298076923076923 0.04807692307692308 0.05048076923076923
0 0.6322115384615384 0.1141826923076923 0.03125 0.04326923076923077
0 0.18629807692307693 0.6334134615384616 0.2091346153846154 0.43028846153846156
0 0.8112980769230769 0.7920673076923077 0.10096153846153846 0.12740384615384615
0 0.5865384615384616 0.7824519230769231 0.1346153846153846 0.3245192307692308
0 0.765625 0.9074519230769231 0.11298076923076923 0.18028846153846154