0 0.19591346153846154 0.4891826923076923 0.05048076923076923 0.036057692307692304
0 0.3293269230769231 0.4987980769230769 0.057692307692307696 0.016826923076923076
0 0.33774038461538464 0.08653846153846154 0.055288461538461536 0.06971153846153846
0 0.16947115384615385 0.1346153846153846 0.06009615384615385 0.06971153846153846
0 0.9567307692307693 0.11658653846153846 0.08173076923076923 0.0985576923076923
0 0.6201923076923077 0.17427884615384615 0.04326923076923077 0.19471153846153846
0 0.8629807692307693 0.20192307692307693 0.0673076923076923 0.08173076923076923
0 0.7716346153846154 0.24519230769230768 0.11778846153846154 0.13701923076923078
0 0.6754807692307693 0.28846153846153844 0.10096153846153846 0.125
0 0.8966346153846154 0.2776442307692308 0.10576923076923077 0.10576923076923077
0 0.6274038461538461 0.38221153846153844 0.057692307692307696 0.16826923076923078
0 0.3161057692307692 0.5240384615384616 0.036057692307692304 0.028846153846153848
0 0.09495192307692307 0.53125 0.026442307692307692 0.04326923076923077
0 0.19591346153846154 0.5300480769230769 0.04567307692307692 0.040865384615384616
0 0.1201923076923077 0.5360576923076923 0.03365384615384615 0.052884615384615384
0 0.4182692307692308 0.5324519230769231 0.038461538461538464 0.04567307692307692
0 0.45913461538461536 0.5384615384615384 0.021634615384615384 0.057692307692307696
0 0.47596153846153844 0.5444711538461539 0.019230769230769232 0.0625
0 0.07451923076923077 0.5709134615384616 0.03125 0.055288461538461536
0 0.18629807692307693 0.5997596153846154 0.040865384615384616 0.052884615384615384
0 0.34975961538461536 0.59375 0.040865384615384616 0.07211538461538461
0 0.021634615384615384 0.6189903846153846 0.04326923076923077 0.06971153846153846
0 0.06610576923076923 0.6274038461538461 0.03365384615384615 0.052884615384615384
0 0.25961538461538464 0.625 0.03125 0.057692307692307696
0 0.12740384615384615 0.6346153846153846 0.028846153846153848 0.04326923076923077
0 0.22716346153846154 0.6514423076923077 0.03365384615384615 0.06009615384615385
0 0.18389423076923078 0.6586538461538461 0.040865384615384616 0.06490384615384616
0 0.037259615384615384 0.671875 0.036057692307692304 0.040865384615384616
0 0.3137019230769231 0.6586538461538461 0.03125 0.036057692307692304
0 0.4050480769230769 0.6574519230769231 0.02403846153846154 0.052884615384615384
0 0.27884615384615385 0.6634615384615384 0.03365384615384615 0.036057692307692304
0 0.359375 0.6634615384615384 0.02403846153846154 0.04807692307692308
0 0.4579326923076923 0.6850961538461539 0.021634615384615384 0.057692307692307696
0 0.24639423076923078 0.7079326923076923 0.026442307692307692 0.03365384615384615
0 0.078125 0.71875 0.03365384615384615 0.052884615384615384
0 0.27283653846153844 0.7091346153846154 0.026442307692307692 0.040865384615384616
0 0.3293269230769231 0.7067307692307693 0.026442307692307692 0.04326923076923077
0 0.5252403846153846 0.7175480769230769 0.026442307692307692 0.04807692307692308
0 0.4266826923076923 0.7307692307692307 0.03365384615384615 0.04567307692307692
0 0.3786057692307692 0.7367788461538461 0.03125 0.057692307692307696
0 0.019230769230769232 0.7668269230769231 0.038461538461538464 0.0625
0 0.4543269230769231 0.7524038461538461 0.021634615384615384 0.057692307692307696
0 0.0985576923076923 0.8533653846153846 0.040865384615384616 0.055288461538461536
0 0.33413461538461536 0.8461538461538461 0.02403846153846154 0.057692307692307696
0 0.3401442307692308 0.9182692307692307 0.028846153846153848 0.05048076923076923
0 0.2512019230769231 0.9459134615384616 0.03365384615384615 0.06009615384615385
0 0.8846153846153846 0.7475961538461539 0.22596153846153846 0.47596153846153844
0 0.7980769230769231 0.7536057692307693 0.39903846153846156 0.4879807692307692