0 0.5252403846153846 0.015625 0.06009615384615385 0.03125
0 0.1045673076923077 0.06971153846153846 0.07211538461538461 0.07211538461538461
0 0.17908653846153846 0.07572115384615384 0.06490384615384616 0.06009615384615385
0 0.24278846153846154 0.0829326923076923 0.0673076923076923 0.0673076923076923
0 0.46033653846153844 0.046875 0.07692307692307693 0.08653846153846154
0 0.10096153846153846 0.1971153846153846 0.07451923076923077 0.10336538461538461
0 0.2620192307692308 0.18028846153846154 0.07692307692307693 0.07692307692307693
0 0.5973557692307693 0.125 0.04807692307692308 0.10576923076923077
0 0.35697115384615385 0.17548076923076922 0.07211538461538461 0.0673076923076923
0 0.34134615384615385 0.21033653846153846 0.07451923076923077 0.08653846153846154
0 0.5685096153846154 0.19230769230769232 0.07451923076923077 0.06490384615384616
0 0.4879807692307692 0.21033653846153846 0.04567307692307692 0.10336538461538461
0 0.054086538461538464 0.28846153846153844 0.08413461538461539 0.07932692307692307
0 0.24158653846153846 0.25721153846153844 0.07451923076923077 0.09615384615384616
0 0.40384615384615385 0.23197115384615385 0.057692307692307696 0.0985576923076923
0 0.30528846153846156 0.26802884615384615 0.06490384615384616 0.07932692307692307
0 0.6213942307692307 0.21754807692307693 0.03125 0.08413461538461539
0 0.04807692307692308 0.3233173076923077 0.06009615384615385 0.11538461538461539
0 0.3894230769230769 0.296875 0.05048076923076923 0.08413461538461539
0 0.25240384615384615 0.3389423076923077 0.052884615384615384 0.11057692307692307
0 0.4831730769230769 0.29927884615384615 0.04567307692307692 0.09134615384615384
0 0.014423076923076924 0.3713942307692308 0.028846153846153848 0.05048076923076923
0 0.6189903846153846 0.34975961538461536 0.036057692307692304 0.09375
0 0.5240384615384616 0.36538461538461536 0.07211538461538461 0.0625
0 0.4795673076923077 0.37259615384615385 0.05048076923076923 0.04807692307692308
0 0.03125 0.020432692307692308 0.0625 0.040865384615384616
0 0.21394230769230768 0.013221153846153846 0.04807692307692308 0.026442307692307692
0 0.2644230769230769 0.016826923076923076 0.07211538461538461 0.03365384615384615
0 0.39663461538461536 0.01201923076923077 0.08173076923076923 0.02403846153846154
0 0.8533653846153846 0.6694711538461539 0.28846153846153844 0.5408653846153846
0 0.8185096153846154 0.6995192307692307 0.3581730769230769 0.5961538461538461