0 0.38221153846153844 0.23798076923076922 0.04807692307692308 0.09615384615384616
0 0.14903846153846154 0.35697115384615385 0.06009615384615385 0.09375
0 0.30528846153846156 0.3485576923076923 0.13221153846153846 0.16346153846153846
0 0.06129807692307692 0.4182692307692308 0.10096153846153846 0.1201923076923077
0 0.39302884615384615 0.36177884615384615 0.026442307692307692 0.07932692307692307
0 0.009615384615384616 0.5108173076923077 0.019230769230769232 0.06971153846153846
0 0.39903846153846156 0.4639423076923077 0.014423076923076924 0.07692307692307693
0 0.25240384615384615 0.4963942307692308 0.07211538461538461 0.0985576923076923
0 0.7536057692307693 0.2536057692307692 0.18269230769230768 0.1466346153846154
0 0.9663461538461539 0.30288461538461536 0.0625 0.23076923076923078
0 0.9206730769230769 0.33052884615384615 0.08413461538461539 0.125
0 0.8725961538461539 0.3798076923076923 0.15144230769230768 0.18509615384615385
0 0.8257211538461539 0.39302884615384615 0.22115384615384615 0.19471153846153846
0 0.6574519230769231 0.4891826923076923 0.07451923076923077 0.11298076923076923
0 0.29447115384615385 0.6778846153846154 0.18028846153846154 0.25961538461538464
0 0.9086538461538461 0.8461538461538461 0.10336538461538461 0.18269230769230768