0 0.9747596153846154 0.36778846153846156 0.04567307692307692 0.1201923076923077
0 0.13341346153846154 0.6526442307692307 0.03125 0.007211538461538462
0 0.265625 0.7043269230769231 0.03365384615384615 0.04326923076923077
0 0.32211538461538464 0.7391826923076923 0.038461538461538464 0.057692307692307696
0 0.26322115384615385 0.78125 0.026442307692307692 0.04567307692307692
0 0.14302884615384615 0.7824519230769231 0.028846153846153848 0.040865384615384616
0 0.3112980769230769 0.8040865384615384 0.036057692307692304 0.040865384615384616
0 0.2127403846153846 0.8209134615384616 0.028846153846153848 0.040865384615384616
0 0.3173076923076923 0.8629807692307693 0.04807692307692308 0.052884615384615384
0 0.2091346153846154 0.859375 0.03365384615384615 0.04326923076923077
0 0.8004807692307693 0.921875 0.2548076923076923 0.15144230769230768