0 0.37740384615384615 0.2848557692307692 0.0673076923076923 0.04807692307692308
0 0.36177884615384615 0.4206730769230769 0.09615384615384616 0.052884615384615384
0 0.4074519230769231 0.7331730769230769 0.10817307692307693 0.028846153846153848
0 0.3737980769230769 0.5901442307692307 0.12980769230769232 0.055288461538461536
0 0.33653846153846156 0.49759615384615385 0.08653846153846154 0.0673076923076923
0 0.29086538461538464 0.6875 0.11538461538461539 0.05048076923076923
0 0.25961538461538464 0.5528846153846154 0.11298076923076923 0.0625
0 0.046875 0.45913461538461536 0.09375 0.0625
0 0.04567307692307692 0.6670673076923077 0.09134615384615384 0.07451923076923077
0 0.4543269230769231 0.1045673076923077 0.09375 0.09375
0 0.9278846153846154 0.24278846153846154 0.13942307692307693 0.3269230769230769
0 0.20072115384615385 0.7632211538461539 0.0985576923076923 0.026442307692307692
0 0.08173076923076923 0.796875 0.0889423076923077 0.04807692307692308
0 0.4891826923076923 0.8221153846153846 0.09375 0.0625