0 0.2764423076923077 0.06370192307692307 0.10096153846153846 0.12740384615384615
0 0.3701923076923077 0.15745192307692307 0.06971153846153846 0.1201923076923077
0 0.40865384615384615 0.25 0.040865384615384616 0.07211538461538461
0 0.11177884615384616 0.25240384615384615 0.06971153846153846 0.0625
0 0.31850961538461536 0.31009615384615385 0.08653846153846154 0.09615384615384616
0 0.47596153846153844 0.3641826923076923 0.04326923076923077 0.0889423076923077
0 0.21033653846153846 0.3473557692307692 0.07451923076923077 0.0985576923076923
0 0.26322115384615385 0.4831730769230769 0.10336538461538461 0.04807692307692308
0 0.028846153846153848 0.4879807692307692 0.057692307692307696 0.057692307692307696
0 0.20072115384615385 0.5084134615384616 0.11298076923076923 0.0985576923076923
0 0.05048076923076923 0.49278846153846156 0.08653846153846154 0.0673076923076923
0 0.09134615384615384 0.5264423076923077 0.08413461538461539 0.10576923076923077
0 0.125 0.578125 0.0889423076923077 0.0985576923076923
0 0.046875 0.5973557692307693 0.08653846153846154 0.14423076923076922
0 0.019230769230769232 0.6165865384615384 0.038461538461538464 0.18990384615384615
0 0.9495192307692307 0.48197115384615385 0.04326923076923077 0.04567307692307692
0 0.984375 0.4951923076923077 0.026442307692307692 0.0625
0 0.9927884615384616 0.5048076923076923 0.009615384615384616 0.0673076923076923
0 0.6033653846153846 0.46875 0.038461538461538464 0.019230769230769232
0 0.7067307692307693 0.49759615384615385 0.04567307692307692 0.055288461538461536
0 0.8677884615384616 0.5264423076923077 0.04807692307692308 0.07451923076923077
0 0.5396634615384616 0.4879807692307692 0.055288461538461536 0.057692307692307696
0 0.5829326923076923 0.4987980769230769 0.038461538461538464 0.055288461538461536
0 0.7728365384615384 0.5384615384615384 0.036057692307692304 0.06009615384615385
0 0.6418269230769231 0.5192307692307693 0.03365384615384615 0.04567307692307692
0 0.5096153846153846 0.5 0.019230769230769232 0.0673076923076923
0 0.7355769230769231 0.5564903846153846 0.040865384615384616 0.0625
0 0.6923076923076923 0.5540865384615384 0.04807692307692308 0.0673076923076923
0 0.5456730769230769 0.5372596153846154 0.038461538461538464 0.04326923076923077
0 0.8197115384615384 0.5817307692307693 0.03365384615384615 0.038461538461538464
0 0.9086538461538461 0.5997596153846154 0.028846153846153848 0.055288461538461536
0 0.7848557692307693 0.5793269230769231 0.036057692307692304 0.038461538461538464
0 0.8617788461538461 0.5961538461538461 0.028846153846153848 0.05048076923076923
0 0.9543269230769231 0.6370192307692307 0.028846153846153848 0.06009615384615385
0 0.7439903846153846 0.6153846153846154 0.028846153846153848 0.03365384615384615
0 0.5757211538461539 0.5913461538461539 0.038461538461538464 0.055288461538461536
0 0.7692307692307693 0.6225961538461539 0.028846153846153848 0.040865384615384616
0 0.8245192307692307 0.6322115384615384 0.03125 0.04567307692307692
0 0.9146634615384616 0.6754807692307693 0.038461538461538464 0.04807692307692308
0 0.8665865384615384 0.671875 0.036057692307692304 0.06009615384615385
0 0.515625 0.625 0.03125 0.0673076923076923
0 0.9362980769230769 0.703125 0.028846153846153848 0.06009615384615385
0 0.5673076923076923 0.7271634615384616 0.04567307692307692 0.057692307692307696
0 0.8004807692307693 0.7692307692307693 0.03125 0.06009615384615385
0 0.7908653846153846 0.8413461538461539 0.03365384615384615 0.05048076923076923
0 0.6983173076923077 0.8497596153846154 0.040865384615384616 0.0625