0 0.19110576923076922 0.11778846153846154 0.1466346153846154 0.12259615384615384
0 0.21995192307692307 0.020432692307692308 0.10817307692307693 0.040865384615384616
0 0.1310096153846154 0.23677884615384615 0.09134615384615384 0.06971153846153846
0 0.04447115384615385 0.34134615384615385 0.0889423076923077 0.09134615384615384
0 0.30288461538461536 0.5673076923076923 0.3269230769230769 0.3557692307692308
0 0.11177884615384616 0.6213942307692307 0.22355769230769232 0.3245192307692308
0 0.11057692307692307 0.4423076923076923 0.22115384615384615 0.10576923076923077
0 0.8966346153846154 0.7403846153846154 0.06009615384615385 0.06009615384615385
0 0.8641826923076923 0.7800480769230769 0.08653846153846154 0.052884615384615384
0 0.8942307692307693 0.6610576923076923 0.10817307692307693 0.08413461538461539
0 0.8016826923076923 0.8473557692307693 0.07211538461538461 0.055288461538461536
0 0.828125 0.7127403846153846 0.0889423076923077 0.04567307692307692
0 0.8317307692307693 0.6237980769230769 0.06490384615384616 0.0673076923076923
0 0.7860576923076923 0.7536057692307693 0.09134615384615384 0.0625
0 0.7644230769230769 0.7764423076923077 0.09375 0.055288461538461536
0 0.6850961538461539 0.9783653846153846 0.0673076923076923 0.038461538461538464
0 0.7379807692307693 0.6622596153846154 0.055288461538461536 0.040865384615384616
0 0.7307692307692307 0.6887019230769231 0.08173076923076923 0.052884615384615384
0 0.7355769230769231 0.6177884615384616 0.0889423076923077 0.055288461538461536
0 0.6911057692307693 0.7800480769230769 0.055288461538461536 0.057692307692307696
0 0.6394230769230769 0.96875 0.052884615384615384 0.036057692307692304
0 0.7391826923076923 0.5612980769230769 0.09615384615384616 0.07692307692307693
0 0.671875 0.7355769230769231 0.0673076923076923 0.055288461538461536
0 0.6826923076923077 0.6802884615384616 0.0625 0.07211538461538461
0 0.6358173076923077 0.7776442307692307 0.0625 0.06009615384615385
0 0.609375 0.84375 0.10336538461538461 0.057692307692307696
0 0.6826923076923077 0.5288461538461539 0.055288461538461536 0.036057692307692304
0 0.6634615384615384 0.5853365384615384 0.09134615384615384 0.08173076923076923
0 0.6117788461538461 0.7259615384615384 0.08173076923076923 0.052884615384615384
0 0.6141826923076923 0.6862980769230769 0.09134615384615384 0.05048076923076923
0 0.5276442307692307 0.9831730769230769 0.04567307692307692 0.028846153846153848
0 0.5192307692307693 0.9254807692307693 0.07692307692307693 0.038461538461538464
0 0.5552884615384616 0.7427884615384616 0.08173076923076923 0.06490384615384616
0 0.5721153846153846 0.6117788461538461 0.07932692307692307 0.05048076923076923
0 0.5264423076923077 0.765625 0.08413461538461539 0.06009615384615385
0 0.5588942307692307 0.6394230769230769 0.08653846153846154 0.052884615384615384
0 0.5096153846153846 0.8040865384615384 0.06490384615384616 0.04807692307692308
0 0.4855769230769231 0.8858173076923077 0.03365384615384615 0.06009615384615385
0 0.5240384615384616 0.6646634615384616 0.08413461538461539 0.055288461538461536
0 0.5360576923076923 0.5841346153846154 0.06009615384615385 0.04326923076923077
0 0.4951923076923077 0.6947115384615384 0.052884615384615384 0.04807692307692308
0 0.4855769230769231 0.7331730769230769 0.03365384615384615 0.052884615384615384
0 0.47716346153846156 0.6237980769230769 0.016826923076923076 0.06490384615384616
0 0.9230769230769231 0.7704326923076923 0.004807692307692308 0.002403846153846154