0 0.0889423076923077 0.07091346153846154 0.0673076923076923 0.057692307692307696
0 0.23076923076923078 0.07091346153846154 0.04807692307692308 0.07451923076923077
0 0.26322115384615385 0.1814903846153846 0.05048076923076923 0.057692307692307696
0 0.33413461538461536 0.22956730769230768 0.04807692307692308 0.06971153846153846
0 0.22235576923076922 0.2620192307692308 0.04807692307692308 0.0673076923076923
0 0.14182692307692307 0.3485576923076923 0.05048076923076923 0.07451923076923077
0 0.08533653846153846 0.48197115384615385 0.0625 0.0625
0 0.8521634615384616 0.18629807692307693 0.05048076923076923 0.0625
0 0.6430288461538461 0.38822115384615385 0.06009615384615385 0.06971153846153846
0 0.7776442307692307 0.41225961538461536 0.052884615384615384 0.07692307692307693
0 0.8545673076923077 0.44471153846153844 0.07692307692307693 0.09134615384615384
0 0.9086538461538461 0.5673076923076923 0.040865384615384616 0.08653846153846154
0 0.7836538461538461 0.5865384615384616 0.052884615384615384 0.07211538461538461
0 0.6790865384615384 0.6274038461538461 0.04567307692307692 0.038461538461538464
0 0.96875 0.16346153846153846 0.055288461538461536 0.09134615384615384
0 0.4014423076923077 0.8233173076923077 0.2932692307692308 0.3485576923076923
0 0.859375 0.8966346153846154 0.2764423076923077 0.20192307692307693