0 0.24519230769230768 0.4855769230769231 0.34134615384615385 0.08173076923076923
0 0.1466346153846154 0.24759615384615385 0.13221153846153846 0.11778846153846154
0 0.9483173076923077 0.4230769230769231 0.026442307692307692 0.026442307692307692
0 0.9362980769230769 0.45072115384615385 0.05048076923076923 0.026442307692307692
0 0.9146634615384616 0.37259615384615385 0.055288461538461536 0.040865384615384616
0 0.9014423076923077 0.3401442307692308 0.040865384615384616 0.03365384615384615
0 0.8137019230769231 0.008413461538461538 0.06490384615384616 0.016826923076923076
0 0.8677884615384616 0.421875 0.04567307692307692 0.03365384615384615
0 0.8497596153846154 0.3629807692307692 0.057692307692307696 0.04326923076923077
0 0.8521634615384616 0.3870192307692308 0.05048076923076923 0.028846153846153848
0 0.859375 0.5108173076923077 0.05048076923076923 0.03125
0 0.8161057692307693 0.2512019230769231 0.07932692307692307 0.04326923076923077
0 0.8425480769230769 0.47115384615384615 0.055288461538461536 0.03365384615384615
0 0.8461538461538461 0.5096153846153846 0.03365384615384615 0.03365384615384615
0 0.8269230769230769 0.49399038461538464 0.038461538461538464 0.036057692307692304
0 0.7824519230769231 0.5120192307692307 0.06009615384615385 0.028846153846153848
0 0.7403846153846154 0.30288461538461536 0.0673076923076923 0.04567307692307692
0 0.7608173076923077 0.5 0.04807692307692308 0.04326923076923077
0 0.703125 0.2439903846153846 0.055288461538461536 0.036057692307692304
0 0.6887019230769231 0.28365384615384615 0.057692307692307696 0.04567307692307692
0 0.9699519230769231 0.42427884615384615 0.021634615384615384 0.021634615384615384
0 0.9723557692307693 0.44471153846153844 0.026442307692307692 0.02403846153846154
0 0.30649038461538464 0.859375 0.3004807692307692 0.2764423076923077
0 0.3137019230769231 0.6742788461538461 0.2860576923076923 0.29086538461538464
0 0.11298076923076923 0.6538461538461539 0.22596153846153846 0.25
0 0.12259615384615384 0.8545673076923077 0.24519230769230768 0.2860576923076923