0 0.17067307692307693 0.057692307692307696 0.19230769230769232 0.11538461538461539
0 0.07451923076923077 0.15745192307692307 0.14903846153846154 0.31490384615384615
0 0.31971153846153844 0.2644230769230769 0.21875 0.3389423076923077
0 0.49759615384615385 0.25721153846153844 0.11538461538461539 0.34134615384615385
0 0.08413461538461539 0.3798076923076923 0.16826923076923078 0.38461538461538464
0 0.15504807692307693 0.3713942307692308 0.14182692307692307 0.3605769230769231
0 0.5432692307692307 0.35697115384615385 0.02403846153846154 0.3004807692307692
0 0.9807692307692307 0.23677884615384615 0.03365384615384615 0.0889423076923077
0 0.8870192307692307 0.39663461538461536 0.07451923076923077 0.10576923076923077
0 0.23918269230769232 0.6033653846153846 0.07932692307692307 0.028846153846153848
0 0.36899038461538464 0.6057692307692307 0.05048076923076923 0.03365384615384615
0 0.21875 0.6286057692307693 0.07692307692307693 0.07932692307692307
0 0.5348557692307693 0.6021634615384616 0.040865384615384616 0.026442307692307692
0 0.41947115384615385 0.6454326923076923 0.05048076923076923 0.11298076923076923
0 0.5444711538461539 0.6286057692307693 0.021634615384615384 0.07932692307692307
0 0.4651442307692308 0.6454326923076923 0.052884615384615384 0.08173076923076923
0 0.5324519230769231 0.640625 0.03125 0.06009615384615385
0 0.32572115384615385 0.6742788461538461 0.06490384615384616 0.06971153846153846
0 0.38822115384615385 0.6730769230769231 0.04807692307692308 0.08653846153846154
0 0.234375 0.7367788461538461 0.057692307692307696 0.10336538461538461
0 0.44711538461538464 0.7307692307692307 0.0625 0.07451923076923077
0 0.16706730769230768 0.7680288461538461 0.06971153846153846 0.10336538461538461
0 0.38461538461538464 0.7680288461538461 0.04326923076923077 0.10336538461538461
0 0.5324519230769231 0.7536057692307693 0.04567307692307692 0.06971153846153846
0 0.4963942307692308 0.7836538461538461 0.055288461538461536 0.13942307692307693
0 0.27524038461538464 0.8112980769230769 0.0673076923076923 0.14903846153846154
0 0.4699519230769231 0.8100961538461539 0.055288461538461536 0.10336538461538461
0 0.3245192307692308 0.8293269230769231 0.06490384615384616 0.14903846153846154
0 0.23076923076923078 0.8737980769230769 0.055288461538461536 0.125
0 0.16947115384615385 0.8930288461538461 0.07692307692307693 0.15144230769230768
0 0.39302884615384615 0.8858173076923077 0.07211538461538461 0.11057692307692307
0 0.3449519230769231 0.9098557692307693 0.0625 0.08173076923076923
0 0.7584134615384616 0.7572115384615384 0.17548076923076922 0.33653846153846156