0 0.109375 0.0985576923076923 0.18990384615384615 0.1971153846153846
0 0.019230769230769232 0.10697115384615384 0.038461538461538464 0.12740384615384615
0 0.2536057692307692 0.3137019230769231 0.04567307692307692 0.24278846153846154
0 0.7355769230769231 0.23076923076923078 0.07211538461538461 0.10096153846153846
0 0.6935096153846154 0.27283653846153844 0.04807692307692308 0.10096153846153846
0 0.7319711538461539 0.2692307692307692 0.04807692307692308 0.06971153846153846
0 0.6862980769230769 0.3317307692307692 0.05048076923076923 0.05048076923076923
0 0.7463942307692307 0.3389423076923077 0.0673076923076923 0.08173076923076923
0 0.7055288461538461 0.390625 0.07932692307692307 0.09134615384615384
0 0.5084134615384616 0.5997596153846154 0.06971153846153846 0.11298076923076923
0 0.11538461538461539 0.7139423076923077 0.08173076923076923 0.11057692307692307
0 0.234375 0.9326923076923077 0.06971153846153846 0.08653846153846154
0 0.8040865384615384 0.7127403846153846 0.11298076923076923 0.10817307692307693
0 0.703125 0.7463942307692307 0.09615384615384616 0.14903846153846154
0 0.7788461538461539 0.7668269230769231 0.11057692307692307 0.21634615384615385
0 0.8521634615384616 0.7872596153846154 0.11538461538461539 0.19230769230769232