0 0.7175480769230769 0.03245192307692308 0.03125 0.055288461538461536
0 0.7908653846153846 0.14182692307692307 0.04807692307692308 0.0889423076923077
0 0.8185096153846154 0.140625 0.036057692307692304 0.06971153846153846
0 0.13942307692307693 0.6286057692307693 0.09375 0.08413461538461539
0 0.7175480769230769 0.5985576923076923 0.09375 0.16346153846153846
0 0.6213942307692307 0.6394230769230769 0.23317307692307693 0.2932692307692308
0 0.45552884615384615 0.7596153846153846 0.15384615384615385 0.22596153846153846
0 0.5456730769230769 0.7752403846153846 0.24519230769230768 0.31009615384615385
0 0.9639423076923077 0.8725961538461539 0.0673076923076923 0.25
0 0.8713942307692307 0.8509615384615384 0.20432692307692307 0.2932692307692308
0 0.41586538461538464 0.9627403846153846 0.20673076923076922 0.06971153846153846
0 0.6598557692307693 0.9302884615384616 0.17067307692307693 0.1346153846153846