0 0.21634615384615385 0.3762019230769231 0.11778846153846154 0.09375
0 0.27403846153846156 0.016826923076923076 0.12980769230769232 0.03365384615384615
0 0.5132211538461539 0.33533653846153844 0.1466346153846154 0.06490384615384616
0 0.53125 0.10817307692307693 0.057692307692307696 0.04807692307692308
0 0.31850961538461536 0.9675480769230769 0.0889423076923077 0.06009615384615385
0 0.37740384615384615 0.5420673076923077 0.09134615384615384 0.04807692307692308
0 0.6069711538461539 0.6586538461538461 0.036057692307692304 0.03365384615384615
0 0.6177884615384616 0.6310096153846154 0.057692307692307696 0.03125
0 0.6262019230769231 0.7259615384615384 0.07451923076923077 0.052884615384615384
0 0.6237980769230769 0.7752403846153846 0.06971153846153846 0.05048076923076923
0 0.6262019230769231 0.5612980769230769 0.07451923076923077 0.05048076923076923
0 0.6538461538461539 0.8064903846153846 0.08173076923076923 0.06971153846153846
0 0.6742788461538461 0.5649038461538461 0.0673076923076923 0.07211538461538461
0 0.6826923076923077 0.6454326923076923 0.057692307692307696 0.038461538461538464
0 0.6959134615384616 0.7091346153846154 0.11057692307692307 0.06009615384615385
0 0.703125 0.8689903846153846 0.12980769230769232 0.06009615384615385
0 0.7055288461538461 0.5336538461538461 0.11057692307692307 0.06971153846153846
0 0.7127403846153846 0.7944711538461539 0.07932692307692307 0.07932692307692307
0 0.7211538461538461 0.6322115384615384 0.06009615384615385 0.057692307692307696
0 0.7235576923076923 0.5408653846153846 0.08173076923076923 0.057692307692307696
0 0.7319711538461539 0.9362980769230769 0.15625 0.07451923076923077
0 0.7860576923076923 0.6478365384615384 0.10576923076923077 0.040865384615384616
0 0.8125 0.7067307692307693 0.10576923076923077 0.04326923076923077
0 0.8305288461538461 0.7379807692307693 0.08413461538461539 0.057692307692307696
0 0.8461538461538461 0.7932692307692307 0.11298076923076923 0.06490384615384616
0 0.8521634615384616 0.6105769230769231 0.06009615384615385 0.04326923076923077
0 0.8533653846153846 0.5456730769230769 0.1201923076923077 0.0625
0 0.8605769230769231 0.6634615384615384 0.125 0.036057692307692304
0 0.8870192307692307 0.8197115384615384 0.12740384615384615 0.0625
0 0.9050480769230769 0.4987980769230769 0.055288461538461536 0.038461538461538464
0 0.9411057692307693 0.625 0.11298076923076923 0.038461538461538464
0 0.9519230769230769 0.47716346153846156 0.07211538461538461 0.055288461538461536
0 0.9579326923076923 0.578125 0.07692307692307693 0.04567307692307692
0 0.9603365384615384 0.5108173076923077 0.057692307692307696 0.02403846153846154
0 0.96875 0.7199519230769231 0.057692307692307696 0.06009615384615385
0 0.9663461538461539 0.6586538461538461 0.0625 0.04326923076923077
0 0.9723557692307693 0.4651442307692308 0.05048076923076923 0.03125
0 0.9867788461538461 0.8185096153846154 0.021634615384615384 0.05048076923076923