0 0.21875 0.08413461538461539 0.21634615384615385 0.16826923076923078
0 0.41225961538461536 0.20793269230769232 0.06490384615384616 0.057692307692307696
0 0.5456730769230769 0.4651442307692308 0.07692307692307693 0.06490384615384616
0 0.6069711538461539 0.3449519230769231 0.07932692307692307 0.06009615384615385
0 0.6598557692307693 0.2800480769230769 0.0985576923076923 0.08653846153846154
0 0.7932692307692307 0.265625 0.0889423076923077 0.05048076923076923
0 0.7752403846153846 0.390625 0.07692307692307693 0.06009615384615385
0 0.7956730769230769 0.4891826923076923 0.0673076923076923 0.016826923076923076
0 0.4254807692307692 0.0889423076923077 0.09375 0.06490384615384616
0 0.2536057692307692 0.6694711538461539 0.1466346153846154 0.18028846153846154
0 0.5697115384615384 0.6947115384615384 0.15384615384615385 0.11538461538461539