0 0.07451923076923077 0.15504807692307693 0.038461538461538464 0.09375
0 0.020432692307692308 0.19230769230769232 0.040865384615384616 0.09134615384615384
0 0.13822115384615385 0.25240384615384615 0.04567307692307692 0.06490384615384616
0 0.0829326923076923 0.2776442307692308 0.057692307692307696 0.04807692307692308
0 0.265625 0.3125 0.04326923076923077 0.08413461538461539
0 0.014423076923076924 0.359375 0.028846153846153848 0.055288461538461536
0 0.17668269230769232 0.45072115384615385 0.04326923076923077 0.09375
0 0.013221153846153846 0.6153846153846154 0.026442307692307692 0.0673076923076923
0 0.12379807692307693 0.039663461538461536 0.055288461538461536 0.07932692307692307
0 0.11778846153846154 0.1045673076923077 0.057692307692307696 0.052884615384615384
0 0.6057692307692307 0.5012019230769231 0.19230769230769232 0.40625
0 0.8822115384615384 0.7992788461538461 0.08653846153846154 0.06009615384615385
0 0.9375 0.8221153846153846 0.036057692307692304 0.057692307692307696
0 0.7596153846153846 0.8954326923076923 0.08413461538461539 0.07451923076923077
0 0.6586538461538461 0.9362980769230769 0.08173076923076923 0.06490384615384616
0 0.5841346153846154 0.9459134615384616 0.09134615384615384 0.10336538461538461
0 0.5300480769230769 0.9771634615384616 0.040865384615384616 0.040865384615384616
0 0.9615384615384616 0.9326923076923077 0.07211538461538461 0.12980769230769232