0 0.6754807692307693 0.6538461538461539 0.12259615384615384 0.18269230769230768
0 0.2920673076923077 0.8521634615384616 0.04326923076923077 0.057692307692307696
0 0.25600961538461536 0.8557692307692307 0.036057692307692304 0.038461538461538464
0 0.19831730769230768 0.875 0.052884615384615384 0.0673076923076923
0 0.29927884615384615 0.9098557692307693 0.040865384615384616 0.04567307692307692
0 0.109375 0.8810096153846154 0.055288461538461536 0.055288461538461536
0 0.2247596153846154 0.9086538461538461 0.036057692307692304 0.07211538461538461
0 0.0733173076923077 0.8870192307692307 0.038461538461538464 0.055288461538461536
0 0.40625 0.9591346153846154 0.019230769230769232 0.052884615384615384
0 0.3762019230769231 0.9615384615384616 0.04807692307692308 0.0625
0 0.1466346153846154 0.9242788461538461 0.04807692307692308 0.09134615384615384
0 0.30528846153846156 0.9663461538461539 0.04326923076923077 0.0625
0 0.04807692307692308 0.9242788461538461 0.05048076923076923 0.06009615384615385
0 0.18389423076923078 0.96875 0.036057692307692304 0.057692307692307696
0 0.21634615384615385 0.9771634615384616 0.04807692307692308 0.040865384615384616
0 0.3954326923076923 0.8641826923076923 0.03125 0.036057692307692304
0 0.3293269230769231 0.8509615384615384 0.038461538461538464 0.04807692307692308