0 0.3016826923076923 0.35697115384615385 0.12980769230769232 0.10336538461538461
0 0.40625 0.4050480769230769 0.15865384615384615 0.11778846153846154
0 0.5084134615384616 0.2704326923076923 0.040865384615384616 0.0985576923076923
0 0.02283653846153846 0.8509615384615384 0.04567307692307692 0.07211538461538461
0 0.016826923076923076 0.7860576923076923 0.03365384615384615 0.057692307692307696
0 0.054086538461538464 0.8257211538461539 0.10336538461538461 0.07211538461538461
0 0.0985576923076923 0.8689903846153846 0.11778846153846154 0.08413461538461539
0 0.1875 0.9675480769230769 0.1346153846153846 0.06009615384615385
0 0.2620192307692308 0.9831730769230769 0.15384615384615385 0.028846153846153848
0 0.515625 0.7752403846153846 0.055288461538461536 0.10336538461538461
0 0.6526442307692307 0.9435096153846154 0.14423076923076922 0.07211538461538461
0 0.7403846153846154 0.7764423076923077 0.08413461538461539 0.06971153846153846
0 0.7331730769230769 0.8581730769230769 0.12259615384615384 0.07692307692307693
0 0.78125 0.90625 0.0889423076923077 0.06971153846153846