0 0.9266826923076923 0.016826923076923076 0.06009615384615385 0.03365384615384615
0 0.8521634615384616 0.015625 0.06971153846153846 0.03125
0 0.9627403846153846 0.056490384615384616 0.0625 0.11057692307692307
0 0.8509615384615384 0.0673076923076923 0.09134615384615384 0.1346153846153846
0 0.45072115384615385 0.11298076923076923 0.021634615384615384 0.125
0 0.9615384615384616 0.15504807692307693 0.05048076923076923 0.06490384615384616
0 0.8040865384615384 0.14783653846153846 0.08173076923076923 0.13221153846153846
0 0.9915865384615384 0.15985576923076922 0.01201923076923077 0.12259615384615384
0 0.8798076923076923 0.15625 0.09375 0.12980769230769232
0 0.7391826923076923 0.21033653846153846 0.055288461538461536 0.07932692307692307
0 0.7668269230769231 0.24158653846153846 0.052884615384615384 0.09375
0 0.8305288461538461 0.27524038461538464 0 0
0 0.9651442307692307 0.28365384615384615 0.06490384615384616 0.125
0 0.8401442307692307 0.3329326923076923 0.04567307692307692 0.10817307692307693
0 0.8978365384615384 0.34375 0.0673076923076923 0.11778846153846154
0 0.7896634615384616 0.34975961538461536 0.0673076923076923 0.16105769230769232
0 0.71875 0.34615384615384615 0.0625 0.0985576923076923
0 0.8810096153846154 0.421875 0.04807692307692308 0.10096153846153846
0 0.8233173076923077 0.4387019230769231 0.057692307692307696 0.11298076923076923
0 0.9603365384615384 0.45552884615384615 0.07451923076923077 0.15625
0 0.65625 0.4519230769230769 0.07451923076923077 0.13221153846153846
0 0.7199519230769231 0.4567307692307692 0.07692307692307693 0.11778846153846154
0 0.5985576923076923 0.4543269230769231 0.0985576923076923 0.12259615384615384
0 0.7752403846153846 0.4855769230769231 0.040865384615384616 0.07932692307692307
0 0.34615384615384615 0.8942307692307693 0.10096153846153846 0.20673076923076922
0 0.07211538461538461 0.9699519230769231 0.11057692307692307 0.055288461538461536
0 0.9314903846153846 0.7620192307692307 0.13221153846153846 0.40865384615384615
0 0.8257211538461539 0.7884615384615384 0.12259615384615384 0.22596153846153846
0 0.5024038461538461 0.8930288461538461 0.125 0.2091346153846154
0 0.8942307692307693 0.9459134615384616 0.20673076923076922 0.10336538461538461