0 0.36899038461538464 0.15745192307692307 0.2956730769230769 0.21394230769230768
0 0.5396634615384616 0.07451923076923077 0.040865384615384616 0.10096153846153846
0 0.45913461538461536 0.6298076923076923 0.0673076923076923 0.0673076923076923
0 0.44591346153846156 0.7043269230769231 0.055288461538461536 0.0625
0 0.4338942307692308 0.7680288461538461 0.0625 0.0625
0 0.45072115384615385 0.9735576923076923 0.08413461538461539 0.04807692307692308
0 0.3317307692307692 0.6165865384615384 0.0985576923076923 0.0673076923076923
0 0.33533653846153844 0.7776442307692307 0.07211538461538461 0.07211538461538461
0 0.3317307692307692 0.8725961538461539 0.0625 0.0673076923076923
0 0.2980769230769231 0.8545673076923077 0.08173076923076923 0.06971153846153846
0 0.2860576923076923 0.9891826923076923 0.10576923076923077 0.016826923076923076
0 0.24519230769230768 0.5757211538461539 0.07692307692307693 0.055288461538461536
0 0.25961538461538464 0.75 0.09134615384615384 0.0673076923076923
0 0.27163461538461536 0.9146634615384616 0.09375 0.05048076923076923
0 0.24278846153846154 0.8137019230769231 0.07692307692307693 0.06009615384615385
0 0.21153846153846154 0.5637019230769231 0.11538461538461539 0.03125
0 0.20793269230769232 0.8942307692307693 0.08173076923076923 0.04326923076923077
0 0.1778846153846154 0.7536057692307693 0.10817307692307693 0.04567307692307692
0 0.1971153846153846 0.9831730769230769 0.09134615384615384 0.028846153846153848
0 0.10216346153846154 0.9747596153846154 0.0889423076923077 0.040865384615384616
0 0.07091346153846154 0.8677884615384616 0.07692307692307693 0.07692307692307693
0 0.027644230769230768 0.9314903846153846 0.055288461538461536 0.05048076923076923
0 0.019230769230769232 0.9807692307692307 0.038461538461538464 0.03365384615384615
0 0.5060096153846154 0.7475961538461539 0.021634615384615384 0.04326923076923077
0 0.5 0.7980769230769231 0.03365384615384615 0.0625
0 0.5 0.9302884615384616 0.03365384615384615 0.07692307692307693
0 0.8978365384615384 0.8389423076923077 0.19951923076923078 0.2692307692307692
0 0.8653846153846154 0.7235576923076923 0.2644230769230769 0.22115384615384615