0 0.984375 0.21875 0.026442307692307692 0.07692307692307693
0 0.9879807692307693 0.1658653846153846 0.019230769230769232 0.04807692307692308
0 0.9831730769230769 0.04807692307692308 0.028846153846153848 0.0625
0 0.9891826923076923 0.08533653846153846 0.016826923076923076 0.06490384615384616
0 0.9507211538461539 0.20673076923076922 0.0889423076923077 0.04567307692307692
0 0.9399038461538461 0.23076923076923078 0.11538461538461539 0.05048076923076923
0 0.9375 0.13341346153846154 0.10576923076923077 0.0673076923076923
0 0.9471153846153846 0.08533653846153846 0.09375 0.0625
0 0.9134615384615384 0.04447115384615385 0.09375 0.08173076923076923
0 0.8413461538461539 0.24519230769230768 0.08173076923076923 0.02403846153846154
0 0.8497596153846154 0.19591346153846154 0.06490384615384616 0.05048076923076923
0 0.8509615384615384 0.1310096153846154 0.1201923076923077 0.07932692307692307
0 0.8810096153846154 0.008413461538461538 0.14182692307692307 0.016826923076923076
0 0.8545673076923077 0.04567307692307692 0.09375 0.09134615384615384
0 0.8100961538461539 0.19951923076923078 0.06971153846153846 0.06971153846153846
0 0.75 0.16947115384615385 0.11057692307692307 0.06009615384615385
0 0.7367788461538461 0.10697115384615384 0.11298076923076923 0.0625
0 0.7259615384615384 0.07211538461538461 0.09375 0.07211538461538461
0 0.7235576923076923 0.030048076923076924 0.125 0.06009615384615385
0 0.6778846153846154 0.19110576923076922 0.0673076923076923 0.055288461538461536
0 0.6622596153846154 0.234375 0.13221153846153846 0.04567307692307692
0 0.6802884615384616 0.13701923076923078 0.12980769230769232 0.06009615384615385
0 0.6923076923076923 0.01201923076923077 0.13942307692307693 0.02403846153846154
0 0.5889423076923077 0.15745192307692307 0.125 0.057692307692307696
0 0.5661057692307693 0.19951923076923078 0.08413461538461539 0.057692307692307696
0 0.5492788461538461 0.2512019230769231 0.06490384615384616 0.01201923076923077
0 0.5841346153846154 0.057692307692307696 0.07211538461538461 0.06971153846153846
0 0.5649038461538461 0.11778846153846154 0.0889423076923077 0.055288461538461536
0 0.49158653846153844 0.15504807692307693 0.07692307692307693 0.0673076923076923
0 0.47716346153846156 0.0829326923076923 0.10576923076923077 0.05048076923076923
0 0.4423076923076923 0.23076923076923078 0.07211538461538461 0.052884615384615384
0 0.4254807692307692 0.18389423076923078 0.13942307692307693 0.06490384615384616
0 0.4098557692307692 0.15144230769230768 0.10576923076923077 0.0625
0 0.4375 0.02283653846153846 0.15384615384615385 0.04567307692307692
0 0.3629807692307692 0.052884615384615384 0.11298076923076923 0.07932692307692307
0 0.35697115384615385 0.018028846153846152 0.0889423076923077 0.036057692307692304
0 0.13822115384615385 0.6634615384615384 0.2764423076923077 0.20192307692307693
0 0.8293269230769231 0.65625 0.33653846153846156 0.3605769230769231