0 0.33774038461538464 0.18509615384615385 0.11538461538461539 0.13701923076923078
0 0.1045673076923077 0.21033653846153846 0.2091346153846154 0.25240384615384615
0 0.3389423076923077 0.2764423076923077 0.14423076923076922 0.1201923076923077
0 0.8125 0.08653846153846154 0.3701923076923077 0.17307692307692307
0 0.6947115384615384 0.16826923076923078 0.23076923076923078 0.33653846153846156
0 0.8834134615384616 0.2536057692307692 0.2283653846153846 0.1658653846153846
0 0.08653846153846154 0.3557692307692308 0.028846153846153848 0.03365384615384615
0 0.16826923076923078 0.36538461538461536 0.038461538461538464 0.052884615384615384
0 0.2848557692307692 0.35697115384615385 0.036057692307692304 0.036057692307692304
0 0.2608173076923077 0.3641826923076923 0.04567307692307692 0.05048076923076923
0 0.21394230769230768 0.3942307692307692 0.02403846153846154 0.05048076923076923
0 0.3088942307692308 0.3737980769230769 0.028846153846153848 0.05048076923076923
0 0.19831730769230768 0.4423076923076923 0.038461538461538464 0.052884615384615384
0 0.09735576923076923 0.47596153846153844 0.028846153846153848 0.03365384615384615
0 0.3942307692307692 0.4098557692307692 0.02403846153846154 0.06009615384615385
0 0.171875 0.46274038461538464 0.038461538461538464 0.07211538461538461
0 0.2536057692307692 0.4579326923076923 0.028846153846153848 0.03365384615384615
0 0.28125 0.4675480769230769 0.03365384615384615 0.03365384615384615
0 0.013221153846153846 0.5420673076923077 0.026442307692307692 0.07451923076923077
0 0.2536057692307692 0.48677884615384615 0.028846153846153848 0.03365384615384615
0 0.15144230769230768 0.5216346153846154 0.028846153846153848 0.04326923076923077
0 0.13341346153846154 0.5372596153846154 0.03125 0.052884615384615384
0 0.18028846153846154 0.5348557692307693 0.028846153846153848 0.055288461538461536
0 0.23076923076923078 0.5336538461538461 0.038461538461538464 0.057692307692307696
0 0.0829326923076923 0.5733173076923077 0.036057692307692304 0.04807692307692308
0 0.41947115384615385 0.5060096153846154 0.03365384615384615 0.06971153846153846
0 0.3088942307692308 0.5456730769230769 0.03125 0.052884615384615384
0 0.27163461538461536 0.5600961538461539 0.03125 0.052884615384615384
0 0.0889423076923077 0.6117788461538461 0.040865384615384616 0.040865384615384616
0 0.22115384615384615 0.5877403846153846 0.03125 0.04326923076923077
0 0.14423076923076922 0.6057692307692307 0.03125 0.055288461538461536
0 0.3629807692307692 0.5649038461538461 0.040865384615384616 0.04807692307692308
0 0.26802884615384615 0.5997596153846154 0.03125 0.04326923076923077
0 0.003605769230769231 0.6706730769230769 0.007211538461538462 0.052884615384615384
0 0.18509615384615385 0.6334134615384616 0.036057692307692304 0.038461538461538464
0 0.31971153846153844 0.6069711538461539 0.04326923076923077 0.055288461538461536
0 0.4170673076923077 0.5877403846153846 0.038461538461538464 0.052884615384615384
0 0.08774038461538461 0.6634615384615384 0.052884615384615384 0.052884615384615384
0 0.5180288461538461 0.5685096153846154 0.052884615384615384 0.07211538461538461
0 0.23197115384615385 0.6442307692307693 0.03365384615384615 0.06490384615384616
0 0.3629807692307692 0.6165865384615384 0.04807692307692308 0.055288461538461536
0 0.40024038461538464 0.6177884615384616 0.03125 0.06490384615384616
0 0.21634615384615385 0.6682692307692307 0.036057692307692304 0.04807692307692308
0 0.2920673076923077 0.6538461538461539 0.038461538461538464 0.04567307692307692
0 0.3293269230769231 0.6887019230769231 0.03125 0.052884615384615384
0 0.38100961538461536 0.6766826923076923 0.028846153846153848 0.03125
0 0.5588942307692307 0.6346153846153846 0.036057692307692304 0.0673076923076923
0 0.1466346153846154 0.7367788461538461 0.04326923076923077 0.040865384615384616
0 0.3088942307692308 0.7019230769230769 0.028846153846153848 0.04567307692307692
0 0.2704326923076923 0.7151442307692307 0.04326923076923077 0.05048076923076923
0 0.21875 0.7295673076923077 0.04326923076923077 0.05048076923076923
0 0.04927884615384615 0.7740384615384616 0.038461538461538464 0.052884615384615384
0 0.42908653846153844 0.6911057692307693 0.028846153846153848 0.0625
0 0.08774038461538461 0.7836538461538461 0.040865384615384616 0.04807692307692308
0 0.019230769230769232 0.8004807692307693 0.038461538461538464 0.052884615384615384
0 0.4495192307692308 0.703125 0.02403846153846154 0.04567307692307692
0 0.3713942307692308 0.7247596153846154 0.03125 0.04807692307692308
0 0.27884615384615385 0.7668269230769231 0.026442307692307692 0.040865384615384616
0 0.16947115384615385 0.7944711538461539 0.03365384615384615 0.052884615384615384
0 0.3329326923076923 0.765625 0.036057692307692304 0.0625
0 0.013221153846153846 0.8449519230769231 0.026442307692307692 0.06009615384615385
0 0.14423076923076922 0.8161057692307693 0.03125 0.0673076923076923
0 0.4723557692307692 0.7403846153846154 0.036057692307692304 0.06009615384615385
0 0.26802884615384615 0.8173076923076923 0.036057692307692304 0.06009615384615385
0 0.4483173076923077 0.7752403846153846 0.036057692307692304 0.0625
0 0.19591346153846154 0.8461538461538461 0.03365384615384615 0.04807692307692308
0 0.29927884615384615 0.8233173076923077 0.036057692307692304 0.052884615384615384
0 0.37259615384615385 0.8173076923076923 0.040865384615384616 0.052884615384615384
0 0.0889423076923077 0.8954326923076923 0.04326923076923077 0.04567307692307692
0 0.40865384615384615 0.8245192307692307 0.038461538461538464 0.07451923076923077
0 0.4879807692307692 0.8076923076923077 0.028846153846153848 0.05048076923076923
0 0.4375 0.8293269230769231 0.03125 0.052884615384615384
0 0.04447115384615385 0.921875 0.028846153846153848 0.057692307692307696
0 0.31490384615384615 0.8617788461538461 0.040865384615384616 0.040865384615384616
0 0.4639423076923077 0.8341346153846154 0.036057692307692304 0.04567307692307692
0 0.3485576923076923 0.8665865384615384 0.028846153846153848 0.055288461538461536
0 0.5444711538461539 0.8317307692307693 0.036057692307692304 0.057692307692307696
0 0.5060096153846154 0.8653846153846154 0.028846153846153848 0.05048076923076923
0 0.055288461538461536 0.9747596153846154 0.04807692307692308 0.04567307692307692
0 0.39783653846153844 0.8966346153846154 0.026442307692307692 0.040865384615384616
0 0.09495192307692307 0.96875 0.026442307692307692 0.055288461538461536
0 0.2283653846153846 0.9423076923076923 0.04567307692307692 0.0673076923076923
0 0.47716346153846156 0.8918269230769231 0.04807692307692308 0.04567307692307692
0 0.5132211538461539 0.9242788461538461 0.040865384615384616 0.07692307692307693
0 0.42427884615384615 0.9543269230769231 0.038461538461538464 0.07451923076923077
0 0.45913461538461536 0.9567307692307693 0.04807692307692308 0.08173076923076923
0 0.546875 0.9675480769230769 0.05048076923076923 0.06009615384615385
0 0.5012019230769231 0.9807692307692307 0.04567307692307692 0.03365384615384615
0 0.9026442307692307 0.6430288461538461 0.1778846153846154 0.3245192307692308
0 0.9651442307692307 0.7283653846153846 0.06490384615384616 0.46153846153846156