0 0.9098557692307693 0.3137019230769231 0.057692307692307696 0.04807692307692308
0 0.90625 0.08533653846153846 0.07692307692307693 0.038461538461538464
0 0.6454326923076923 0.019230769230769232 0.036057692307692304 0.03125
0 0.6045673076923077 0.07091346153846154 0.14182692307692307 0.04567307692307692
0 0.5456730769230769 0.16706730769230768 0.057692307692307696 0.06490384615384616
0 0.4723557692307692 0.14423076923076922 0.11538461538461539 0.057692307692307696
0 0.4483173076923077 0.009615384615384616 0.0889423076923077 0.019230769230769232
0 0.40024038461538464 0.6334134615384616 0.08413461538461539 0.0625
0 0.4014423076923077 0.45072115384615385 0.06009615384615385 0.0625
0 0.765625 0.9447115384615384 0.13221153846153846 0.10817307692307693
0 0.6995192307692307 0.9314903846153846 0.11298076923076923 0.09134615384615384
0 0.6790865384615384 0.9891826923076923 0.17548076923076922 0.016826923076923076