0 0.20793269230769232 0.3942307692307692 0.41586538461538464 0.625
0 0.234375 0.1201923076923077 0.3629807692307692 0.2403846153846154
0 0.7548076923076923 0.3762019230769231 0.055288461538461536 0.03125
0 0.8617788461538461 0.29927884615384615 0.0889423076923077 0.05048076923076923
0 0.859375 0.27163461538461536 0.06971153846153846 0.038461538461538464
0 0.037259615384615384 0.9795673076923077 0.06490384615384616 0.036057692307692304
0 0.057692307692307696 0.9435096153846154 0.07932692307692307 0.038461538461538464
0 0.12379807692307693 0.9915865384615384 0.06971153846153846 0.01201923076923077
0 0.10697115384615384 0.9182692307692307 0.0673076923076923 0.03125
0 0.11778846153846154 0.9555288461538461 0.0673076923076923 0.036057692307692304
0 0.12740384615384615 0.9807692307692307 0.0673076923076923 0.036057692307692304
0 0.16466346153846154 0.9278846153846154 0.04326923076923077 0.028846153846153848
0 0.1778846153846154 0.9567307692307693 0.0625 0.036057692307692304
0 0.19831730769230768 0.9903846153846154 0.07451923076923077 0.014423076923076924
0 0.19831730769230768 0.9783653846153846 0.06490384615384616 0.038461538461538464
0 0.203125 0.9086538461538461 0.04807692307692308 0.03365384615384615
0 0.23557692307692307 0.9495192307692307 0.04326923076923077 0.03125
0 0.25600961538461536 0.9903846153846154 0.06490384615384616 0.014423076923076924
0 0.2512019230769231 0.9783653846153846 0.05048076923076923 0.038461538461538464
0 0.25961538461538464 0.9242788461538461 0.057692307692307696 0.04326923076923077
0 0.30649038461538464 0.9483173076923077 0.040865384615384616 0.026442307692307692
0 0.3317307692307692 0.9831730769230769 0.0625 0.028846153846153848
0 0.375 0.9338942307692307 0.036057692307692304 0.04567307692307692
0 0.39783653846153844 0.9759615384615384 0.036057692307692304 0.03365384615384615
0 0.39663461538461536 0.9278846153846154 0.038461538461538464 0.04326923076923077
0 0.43990384615384615 0.8653846153846154 0.04326923076923077 0.09134615384615384
0 0.44350961538461536 0.9615384615384616 0.05048076923076923 0.07211538461538461
0 0.4411057692307692 0.8713942307692307 0.04567307692307692 0.07451923076923077
0 0.4987980769230769 0.9627403846153846 0.11057692307692307 0.06009615384615385
0 0.5360576923076923 0.9903846153846154 0.11538461538461539 0.014423076923076924
0 0.5564903846153846 0.9146634615384616 0.0673076923076923 0.055288461538461536
0 0.5444711538461539 0.8497596153846154 0.12980769230769232 0.08413461538461539
0 0.5745192307692307 0.9639423076923077 0.12980769230769232 0.06009615384615385
0 0.5865384615384616 0.7932692307692307 0.0625 0.04807692307692308
0 0.6502403846153846 0.9086538461538461 0.125 0.057692307692307696
0 0.6262019230769231 0.7608173076923077 0.07932692307692307 0.07211538461538461
0 0.6538461538461539 0.8617788461538461 0.08413461538461539 0.057692307692307696
0 0.6430288461538461 0.7944711538461539 0.0625 0.036057692307692304
0 0.6959134615384616 0.9795673076923077 0.07451923076923077 0.036057692307692304
0 0.6887019230769231 0.9350961538461539 0.0889423076923077 0.055288461538461536
0 0.6646634615384616 0.7379807692307693 0.10336538461538461 0.057692307692307696
0 0.7403846153846154 0.8713942307692307 0.07692307692307693 0.0673076923076923
0 0.7836538461538461 0.9314903846153846 0.10576923076923077 0.05048076923076923
0 0.7548076923076923 0.78125 0.06971153846153846 0.055288461538461536
0 0.7884615384615384 0.8185096153846154 0.13942307692307693 0.06490384615384616
0 0.8173076923076923 0.8413461538461539 0.10576923076923077 0.0625
0 0.8509615384615384 0.9723557692307693 0.15384615384615385 0.05048076923076923
0 0.8990384615384616 0.9122596153846154 0.11298076923076923 0.07932692307692307
0 0.9278846153846154 0.9579326923076923 0.08653846153846154 0.0673076923076923