0 0.3858173076923077 0.18269230769230768 0.09134615384615384 0.08173076923076923
0 0.46033653846153844 0.21995192307692307 0.06009615384615385 0.08173076923076923
0 0.10216346153846154 0.2247596153846154 0.04807692307692308 0.0889423076923077
0 0.2548076923076923 0.25961538461538464 0.11298076923076923 0.15144230769230768
0 0.02283653846153846 0.2608173076923077 0.04567307692307692 0.11298076923076923
0 0.35336538461538464 0.3004807692307692 0.052884615384615384 0.06971153846153846
0 0.5721153846153846 0.3449519230769231 0.028846153846153848 0.13221153846153846
0 0.5228365384615384 0.3737980769230769 0.08173076923076923 0.08173076923076923
0 0.42908653846153844 0.39302884615384615 0.038461538461538464 0.08653846153846154
0 0.33413461538461536 0.4026442307692308 0.04807692307692308 0.06971153846153846
0 0.15264423076923078 0.421875 0.04807692307692308 0.1658653846153846
0 0.49278846153846156 0.5048076923076923 0.07692307692307693 0.14423076923076922
0 0.7055288461538461 0.8293269230769231 0.23317307692307693 0.27884615384615385
0 0.9254807692307693 0.8449519230769231 0.14423076923076922 0.31009615384615385