0 0.30649038461538464 0.49399038461538464 0.0889423076923077 0.04567307692307692
0 0.36899038461538464 0.21033653846153846 0.021634615384615384 0.026442307692307692
0 0.39302884615384615 0.22956730769230768 0.03365384615384615 0.019230769230769232
0 0.44711538461538464 0.28365384615384615 0.040865384615384616 0.026442307692307692
0 0.46153846153846156 0.17307692307692307 0.03365384615384615 0.02403846153846154
0 0.45913461538461536 0.14423076923076922 0.05048076923076923 0.028846153846153848
0 0.4831730769230769 0.33052884615384615 0.040865384615384616 0.016826923076923076
0 0.49759615384615385 0.35096153846153844 0.038461538461538464 0.016826923076923076
0 0.4987980769230769 0.22115384615384615 0.04326923076923077 0.016826923076923076
0 0.5 0.1814903846153846 0.036057692307692304 0.021634615384615384
0 0.5108173076923077 0.25841346153846156 0.03365384615384615 0.016826923076923076
0 0.5060096153846154 0.19591346153846154 0.03365384615384615 0.019230769230769232
0 0.5444711538461539 0.33653846153846156 0.03125 0.016826923076923076
0 0.5528846153846154 0.3581730769230769 0.026442307692307692 0.019230769230769232
0 0.5384615384615384 0.0829326923076923 0.038461538461538464 0.016826923076923076
0 0.5552884615384616 0.1502403846153846 0.038461538461538464 0.016826923076923076
0 0.5757211538461539 0.32211538461538464 0.03365384615384615 0.014423076923076924
0 0.5612980769230769 0.1141826923076923 0.040865384615384616 0.021634615384615384
0 0.5853365384615384 0.34975961538461536 0.038461538461538464 0.016826923076923076
0 0.6021634615384616 0.38341346153846156 0.04326923076923077 0.03125
0 0.6033653846153846 0.22355769230769232 0.04807692307692308 0.019230769230769232
0 0.6141826923076923 0.3076923076923077 0.03365384615384615 0.021634615384615384
0 0.6177884615384616 0.14903846153846154 0.036057692307692304 0.03125
0 0.6165865384615384 0.09134615384615384 0.04326923076923077 0.021634615384615384
0 0.6478365384615384 0.25721153846153844 0.038461538461538464 0.016826923076923076
0 0.6550480769230769 0.2776442307692308 0.038461538461538464 0.016826923076923076
0 0.6658653846153846 0.3112980769230769 0.03365384615384615 0.016826923076923076
0 0.6502403846153846 0.11298076923076923 0.040865384615384616 0.026442307692307692
0 0.6574519230769231 0.171875 0.04326923076923077 0.021634615384615384
0 0.6766826923076923 0.20432692307692307 0.04326923076923077 0.021634615384615384
0 0.6911057692307693 0.29086538461538464 0.03125 0.016826923076923076
0 0.7043269230769231 0.34375 0.028846153846153848 0.014423076923076924
0 0.703125 0.30288461538461536 0.03365384615384615 0.014423076923076924
0 0.7079326923076923 0.36177884615384615 0.04326923076923077 0.019230769230769232
0 0.7079326923076923 0.27403846153846156 0.05048076923076923 0.021634615384615384
0 0.7043269230769231 0.15745192307692307 0.03125 0.019230769230769232
0 0.7151442307692307 0.2548076923076923 0.04326923076923077 0.019230769230769232
0 0.7235576923076923 0.13341346153846154 0.04326923076923077 0.019230769230769232
0 0.7319711538461539 0.21033653846153846 0.04326923076923077 0.021634615384615384
0 0.7235576923076923 0.1141826923076923 0.05048076923076923 0.02403846153846154
0 0.7415865384615384 0.2776442307692308 0.028846153846153848 0.026442307692307692
0 0.7271634615384616 0.09375 0.04567307692307692 0.02403846153846154
0 0.7608173076923077 0.3425480769230769 0.03125 0.021634615384615384
0 0.7451923076923077 0.16706730769230768 0.03365384615384615 0.019230769230769232
0 0.75 0.14903846153846154 0.04567307692307692 0.021634615384615384
0 0.7716346153846154 0.32572115384615385 0.040865384615384616 0.026442307692307692
0 0.7716346153846154 0.23317307692307693 0.040865384615384616 0.016826923076923076
0 0.7668269230769231 0.07932692307692307 0.036057692307692304 0.03125
0 0.7992788461538461 0.3581730769230769 0.038461538461538464 0.016826923076923076
0 0.796875 0.02403846153846154 0.036057692307692304 0.03125
0 0.8233173076923077 0.22716346153846154 0.04326923076923077 0.019230769230769232
0 0.828125 0.28125 0.040865384615384616 0.03125
0 0.8221153846153846 0.17427884615384615 0.05048076923076923 0.021634615384615384
0 0.8269230769230769 0.13341346153846154 0.036057692307692304 0.026442307692307692
0 0.8197115384615384 0.04567307692307692 0.026442307692307692 0.026442307692307692
0 0.8269230769230769 0.010817307692307692 0.038461538461538464 0.021634615384615384
0 0.8701923076923077 0.24519230769230768 0.04567307692307692 0.028846153846153848
0 0.8701923076923077 0.18509615384615385 0.036057692307692304 0.021634615384615384
0 0.8725961538461539 0.13942307692307693 0.05048076923076923 0.02403846153846154
0 0.8641826923076923 0.025240384615384616 0.04326923076923077 0.021634615384615384
0 0.8725961538461539 0.109375 0.03125 0.026442307692307692
0 0.8810096153846154 0.08533653846153846 0.04326923076923077 0.019230769230769232
0 0.9026442307692307 0.265625 0.04567307692307692 0.021634615384615384
0 0.9170673076923077 0.17427884615384615 0.040865384615384616 0.019230769230769232
0 0.9278846153846154 0.21153846153846154 0.036057692307692304 0.03365384615384615
0 0.9134615384615384 0.05048076923076923 0.04326923076923077 0.026442307692307692
0 0.9507211538461539 0.24759615384615385 0.040865384615384616 0.03125
0 0.9387019230769231 0.010817307692307692 0.055288461538461536 0.021634615384615384
0 0.9627403846153846 0.13942307692307693 0.055288461538461536 0.019230769230769232
0 0.9627403846153846 0.11538461538461539 0.05048076923076923 0.02403846153846154
0 0.9711538461538461 0.203125 0.040865384615384616 0.03125
0 0.9723557692307693 0.07091346153846154 0.04567307692307692 0.03365384615384615
0 0.9807692307692307 0.22596153846153846 0.03365384615384615 0.028846153846153848
0 0.9783653846153846 0.17307692307692307 0.038461538461538464 0.028846153846153848
0 0.8137019230769231 0.9567307692307693 0.36778846153846156 0.08173076923076923