0 0.6538461538461539 0.027644230769230768 0.10096153846153846 0.055288461538461536
0 0.7800480769230769 0.4375 0.12740384615384615 0.038461538461538464
0 0.8004807692307693 0.3425480769230769 0.08653846153846154 0.0625
0 0.8353365384615384 0.10336538461538461 0.10817307692307693 0.04326923076923077
0 0.8533653846153846 0.20432692307692307 0.09134615384615384 0.08653846153846154
0 0.8701923076923077 0.3173076923076923 0.0673076923076923 0.0985576923076923
0 0.9182692307692307 0.4375 0.0625 0.038461538461538464
0 0.9110576923076923 0.12620192307692307 0.12740384615384615 0.0673076923076923
0 0.640625 0.46274038461538464 0.036057692307692304 0.007211538461538462
0 0.7475961538461539 0.46153846153846156 0.04326923076923077 0.004807692307692308
0 0.8149038461538461 0.4651442307692308 0.04326923076923077 0.01201923076923077