0 0.17548076923076922 0.06610576923076923 0.35096153846153844 0.13221153846153846
0 0.9411057692307693 0.4266826923076923 0.11298076923076923 0.0985576923076923
0 0.8846153846153846 0.19110576923076922 0.22596153846153846 0.15625
0 0.7956730769230769 0.4110576923076923 0.19951923076923078 0.10096153846153846
0 0.7211538461538461 0.051682692307692304 0.16346153846153846 0.10336538461538461
0 0.24639423076923078 0.78125 0.13221153846153846 0.07692307692307693
0 0.9867788461538461 0.9230769230769231 0.021634615384615384 0.028846153846153848
0 0.9831730769230769 0.8377403846153846 0.028846153846153848 0.06009615384615385
0 0.9723557692307693 0.9735576923076923 0.05048076923076923 0.04807692307692308
0 0.9651442307692307 0.9903846153846154 0.06490384615384616 0.014423076923076924
0 0.9182692307692307 0.9002403846153846 0.05048076923076923 0.03125
0 0.9194711538461539 0.9278846153846154 0.07451923076923077 0.036057692307692304
0 0.9026442307692307 0.8581730769230769 0.08413461538461539 0.036057692307692304
0 0.8894230769230769 0.8040865384615384 0.08653846153846154 0.06009615384615385
0 0.8774038461538461 0.9819711538461539 0.0625 0.03125
0 0.8701923076923077 0.9338942307692307 0.05048076923076923 0.06490384615384616
0 0.8269230769230769 0.7884615384615384 0.05048076923076923 0.026442307692307692
0 0.8233173076923077 0.8485576923076923 0.07932692307692307 0.0673076923076923
0 0.8173076923076923 0.9891826923076923 0.07692307692307693 0.016826923076923076
0 0.8076923076923077 0.9591346153846154 0.08653846153846154 0.03125
0 0.7451923076923077 0.9002403846153846 0.07451923076923077 0.03365384615384615
0 0.7403846153846154 0.9302884615384616 0.08173076923076923 0.036057692307692304
0 0.7139423076923077 0.9651442307692307 0.07932692307692307 0.038461538461538464
0 0.7019230769230769 0.8846153846153846 0.055288461538461536 0.03125
0 0.6899038461538461 0.9915865384615384 0.057692307692307696 0.01201923076923077
0 0.6502403846153846 0.9447115384615384 0.021634615384615384 0.057692307692307696