0 0.44471153846153844 0.051682692307692304 0.19230769230769232 0.10336538461538461
0 0.38100961538461536 0.16466346153846154 0.057692307692307696 0.057692307692307696
0 0.39903846153846156 0.41346153846153844 0.07932692307692307 0.08653846153846154
0 0.9819711538461539 0.5048076923076923 0.03125 0.057692307692307696
0 0.90625 0.5540865384615384 0.0625 0.026442307692307692
0 0.8786057692307693 0.4735576923076923 0.07211538461538461 0.038461538461538464
0 0.859375 0.31850961538461536 0.06009615384615385 0.04807692307692308
0 0.8521634615384616 0.4375 0.0625 0.05048076923076923
0 0.8413461538461539 0.5504807692307693 0.057692307692307696 0.03365384615384615
0 0.7980769230769231 0.38341346153846156 0.04807692307692308 0.05048076923076923
0 0.8076923076923077 0.5132211538461539 0.08413461538461539 0.03125
0 0.7836538461538461 0.2764423076923077 0.05048076923076923 0.040865384615384616
0 0.7872596153846154 0.4879807692307692 0.07692307692307693 0.03125
0 0.7716346153846154 0.31490384615384615 0.06971153846153846 0.03365384615384615
0 0.7692307692307693 0.5552884615384616 0.08653846153846154 0.02403846153846154
0 0.7223557692307693 0.037259615384615384 0.057692307692307696 0.04326923076923077
0 0.7175480769230769 0.14903846153846154 0.08653846153846154 0.03125
0 0.7403846153846154 0.4026442307692308 0.07692307692307693 0.036057692307692304
0 0.7091346153846154 0.24639423076923078 0.06971153846153846 0.04326923076923077
0 0.7235576923076923 0.44350961538461536 0.0625 0.052884615384615384
0 0.6983173076923077 0.2127403846153846 0.06971153846153846 0.040865384615384616
0 0.6670673076923077 0.11177884615384616 0.04567307692307692 0.036057692307692304
0 0.6490384615384616 0.0625 0.06971153846153846 0.03365384615384615
0 0.6766826923076923 0.4338942307692308 0.04567307692307692 0.03365384615384615
0 0.6670673076923077 0.36177884615384615 0.052884615384615384 0.052884615384615384
0 0.6274038461538461 0.11057692307692307 0.057692307692307696 0.052884615384615384
0 0.6358173076923077 0.28725961538461536 0.07451923076923077 0.05048076923076923
0 0.6490384615384616 0.484375 0.10096153846153846 0.05048076923076923
0 0.6201923076923077 0.21995192307692307 0.04326923076923077 0.05048076923076923
0 0.6141826923076923 0.040865384615384616 0.03125 0.038461538461538464
0 0.6177884615384616 0.5048076923076923 0.038461538461538464 0.04326923076923077
0 0.20432692307692307 0.953125 0.40865384615384615 0.0889423076923077
0 0.7367788461538461 0.9002403846153846 0.13701923076923078 0.10576923076923077