0 0.30408653846153844 0.34975961538461536 0.10576923076923077 0.13221153846153846
0 0.8125 0.17427884615384615 0.22596153846153846 0.3293269230769231
0 0.8737980769230769 0.30408653846153844 0.23798076923076922 0.25
0 0.8197115384615384 0.016826923076923076 0.1346153846153846 0.03365384615384615
0 0.36899038461538464 0.5673076923076923 0.040865384615384616 0.019230769230769232
0 0.40384615384615385 0.5769230769230769 0.04326923076923077 0.038461538461538464
0 0.3557692307692308 0.5961538461538461 0.04807692307692308 0.0673076923076923
0 0.39663461538461536 0.6117788461538461 0.04567307692307692 0.052884615384615384
0 0.48197115384615385 0.7019230769230769 0.08653846153846154 0.13221153846153846
0 0.65625 0.8569711538461539 0.08173076923076923 0.15625
0 0.7716346153846154 0.5889423076923077 0.08653846153846154 0.0625
0 0.9615384615384616 0.9170673076923077 0.07211538461538461 0.14182692307692307
0 0.9122596153846154 0.9110576923076923 0.10817307692307693 0.12980769230769232