0 0.14182692307692307 0.14903846153846154 0.055288461538461536 0.055288461538461536
0 0.15865384615384615 0.2439903846153846 0.05048076923076923 0.05048076923076923
0 0.21754807692307693 0.4375 0.07211538461538461 0.07211538461538461
0 0.203125 0.28725961538461536 0.055288461538461536 0.05048076923076923
0 0.25600961538461536 0.6057692307692307 0.07932692307692307 0.04326923076923077
0 0.20552884615384615 0.11778846153846154 0.0673076923076923 0.06971153846153846
0 0.23677884615384615 0.21754807692307693 0.06971153846153846 0.052884615384615384
0 0.2980769230769231 0.5204326923076923 0.0625 0.07692307692307693
0 0.2800480769230769 0.24879807692307693 0.0625 0.07692307692307693
0 0.2548076923076923 0.055288461538461536 0.09375 0.040865384615384616
0 0.28125 0.17908653846153846 0.07692307692307693 0.04567307692307692
0 0.2956730769230769 0.31009615384615385 0.08173076923076923 0.0673076923076923
0 0.3137019230769231 0.21514423076923078 0.04567307692307692 0.055288461538461536
0 0.3233173076923077 0.06490384615384616 0.026442307692307692 0.04326923076923077
0 0.025240384615384616 0.41346153846153844 0.05048076923076923 0.04807692307692308
0 0.04326923076923077 0.5637019230769231 0.052884615384615384 0.05048076923076923
0 0.07091346153846154 0.6081730769230769 0.07451923076923077 0.038461538461538464
0 0.051682692307692304 0.43990384615384615 0.04807692307692308 0.040865384615384616
0 0.039663461538461536 0.3161057692307692 0.07932692307692307 0.038461538461538464
0 0.037259615384615384 0.2776442307692308 0.07451923076923077 0.04567307692307692
0 0.04927884615384615 0.23798076923076922 0.07211538461538461 0.04807692307692308
0 0.07692307692307693 0.35096153846153844 0.07932692307692307 0.038461538461538464
0 0.04927884615384615 0.10216346153846154 0.052884615384615384 0.04807692307692308
0 0.11658653846153846 0.43990384615384615 0.05048076923076923 0.040865384615384616
0 0.15745192307692307 0.6117788461538461 0.0889423076923077 0.03125
0 0.10096153846153846 0.1875 0.05048076923076923 0.0625
0 0.08052884615384616 0.01201923076923077 0.08413461538461539 0.02403846153846154
0 0.1310096153846154 0.30288461538461536 0.05048076923076923 0.05048076923076923
0 0.14423076923076922 0.35336538461538464 0.055288461538461536 0.0673076923076923
0 0.11177884615384616 0.08774038461538461 0.05048076923076923 0.052884615384615384
0 0.8100961538461539 0.3293269230769231 0.13221153846153846 0.10576923076923077