0 0.4519230769230769 0.18629807692307693 0.20673076923076922 0.11778846153846154
0 0.36177884615384615 0.30649038461538464 0.3870192307692308 0.14182692307692307
0 0.9411057692307693 0.06490384615384616 0.11298076923076923 0.08173076923076923
0 0.9423076923076923 0.22235576923076922 0.11057692307692307 0.08413461538461539
0 0.8425480769230769 0.18389423076923078 0.10576923076923077 0.055288461538461536
0 0.8173076923076923 0.06129807692307692 0.1466346153846154 0.08173076923076923
0 0.5024038461538461 0.8221153846153846 0.10576923076923077 0.0625
0 0.4855769230769231 0.46875 0.11538461538461539 0.09375
0 0.2644230769230769 0.9026442307692307 0.07692307692307693 0.06009615384615385
0 0.18269230769230768 0.484375 0.07932692307692307 0.06009615384615385
0 0.15504807692307693 0.9591346153846154 0.08413461538461539 0.057692307692307696
0 0.10096153846153846 0.6694711538461539 0.057692307692307696 0.0625
0 0.08052884615384616 0.9110576923076923 0.06490384615384616 0.07692307692307693
0 0.9314903846153846 0.8822115384615384 0.13221153846153846 0.08653846153846154
0 0.8954326923076923 0.7692307692307693 0.14182692307692307 0.07451923076923077
0 0.8774038461538461 0.84375 0.23557692307692307 0.07211538461538461
0 0.8317307692307693 0.9110576923076923 0.18269230769230768 0.0889423076923077