0 0.2536057692307692 0.13341346153846154 0.5072115384615384 0.2668269230769231
0 0.4951923076923077 0.9903846153846154 0.02403846153846154 0.014423076923076924
0 0.46274038461538464 0.9831730769230769 0.055288461538461536 0.02403846153846154
0 0.41947115384615385 0.9855769230769231 0.036057692307692304 0.02403846153846154
0 0.3894230769230769 0.9915865384615384 0.028846153846153848 0.01201923076923077
0 0.3389423076923077 0.9735576923076923 0.04326923076923077 0.016826923076923076
0 0.3401442307692308 0.9879807692307693 0.028846153846153848 0.014423076923076924
0 0.20673076923076922 0.9627403846153846 0.04567307692307692 0.02403846153846154
0 0.015625 0.9651442307692307 0.03125 0.026442307692307692
0 0.9387019230769231 0.4723557692307692 0.11778846153846154 0.10817307692307693
0 0.9314903846153846 0.8653846153846154 0.13221153846153846 0.10096153846153846
0 0.7548076923076923 0.9903846153846154 0.07692307692307693 0.014423076923076924
0 0.6538461538461539 0.5492788461538461 0.15384615384615385 0.08173076923076923
0 0.6634615384615384 0.7764423076923077 0.06490384615384616 0.055288461538461536
0 0.6526442307692307 0.9350961538461539 0.07211538461538461 0.052884615384615384