0 0.3605769230769231 0.10697115384615384 0.3317307692307692 0.21394230769230768
0 0.28365384615384615 0.2548076923076923 0.3317307692307692 0.14423076923076922
0 0.47836538461538464 0.5913461538461539 0.08173076923076923 0.08653846153846154
0 0.4963942307692308 0.7776442307692307 0.06009615384615385 0.07932692307692307
0 0.5120192307692307 0.9411057692307693 0.028846153846153848 0.06490384615384616
0 0.4951923076923077 0.8425480769230769 0.0625 0.06971153846153846
0 0.4423076923076923 0.5865384615384616 0.11778846153846154 0.0625
0 0.48197115384615385 0.9278846153846154 0.08413461538461539 0.052884615384615384
0 0.4338942307692308 0.7920673076923077 0.11057692307692307 0.057692307692307696
0 0.36899038461538464 0.5372596153846154 0.0985576923076923 0.06490384615384616
0 0.27283653846153844 0.5048076923076923 0.09134615384615384 0.055288461538461536
0 0.3425480769230769 0.9182692307692307 0.08413461538461539 0.08413461538461539
0 0.29927884615384615 0.9783653846153846 0.07451923076923077 0.038461538461538464
0 0.21153846153846154 0.6742788461538461 0.08413461538461539 0.07451923076923077
0 0.15264423076923078 0.8677884615384616 0.12980769230769232 0.0625
0 0.7632211538461539 0.9122596153846154 0.46875 0.17067307692307693
0 0.7632211538461539 0.8112980769230769 0.46875 0.37259615384615385
0 0.6850961538461539 0.640625 0.3125 0.3245192307692308