0 0.31850961538461536 0.15985576923076922 0.33413461538461536 0.19471153846153846
0 0.1778846153846154 0.2403846153846154 0.2644230769230769 0.07211538461538461
0 0.20192307692307693 0.46274038461538464 0.10336538461538461 0.05048076923076923
0 0.037259615384615384 0.7307692307692307 0.07451923076923077 0.07692307692307693
0 0.040865384615384616 0.5012019230769231 0.08173076923076923 0.04567307692307692
0 0.4807692307692308 0.5024038461538461 0.009615384615384616 0.04326923076923077
0 0.013221153846153846 0.5120192307692307 0.026442307692307692 0.057692307692307696
0 0.46274038461538464 0.5685096153846154 0.04567307692307692 0.06009615384615385
0 0.42908653846153844 0.6610576923076923 0.11538461538461539 0.038461538461538464
0 0.7427884615384616 0.5661057692307693 0.5096153846153846 0.5745192307692307
0 0.75 0.9591346153846154 0.4951923076923077 0.07692307692307693