0 0.27283653846153844 0.22716346153846154 0.31971153846153844 0.18028846153846154
0 0.14783653846153846 0.11658653846153846 0.2956730769230769 0.23317307692307693
0 0.5685096153846154 0.5288461538461539 0.11538461538461539 0.10817307692307693
0 0.47596153846153844 0.9639423076923077 0.12980769230769232 0.0673076923076923
0 0.36778846153846156 0.6466346153846154 0.09615384615384616 0.0889423076923077
0 0.140625 0.6237980769230769 0.10096153846153846 0.0673076923076923
0 0.1346153846153846 0.8605769230769231 0.08173076923076923 0.06971153846153846
0 0.12980769230769232 0.9831730769230769 0.10576923076923077 0.028846153846153848
0 0.6514423076923077 0.9543269230769231 0.04807692307692308 0.08653846153846154
0 0.8930288461538461 0.8665865384615384 0.2091346153846154 0.2620192307692308
0 0.8377403846153846 0.7223557692307693 0.31971153846153844 0.5504807692307693
0 0.8377403846153846 0.5588942307692307 0.31971153846153844 0.47836538461538464