0 0.35336538461538464 0.4411057692307692 0.13942307692307693 0.0889423076923077
0 0.2848557692307692 0.21634615384615385 0.33653846153846156 0.21875
0 0.20072115384615385 0.43509615384615385 0.24759615384615385 0.10096153846153846
0 0.08052884615384616 0.10697115384615384 0.16105769230769232 0.21394230769230768
0 0.9266826923076923 0.9663461538461539 0.10336538461538461 0.0625
0 0.8822115384615384 0.9338942307692307 0.10096153846153846 0.052884615384615384
0 0.8882211538461539 0.9723557692307693 0.07211538461538461 0.052884615384615384
0 0.8221153846153846 0.9302884615384616 0.052884615384615384 0.052884615384615384
0 0.8209134615384616 0.9759615384615384 0.08413461538461539 0.04326923076923077
0 0.7644230769230769 0.9519230769230769 0.09375 0.08413461538461539
0 0.5805288461538461 0.7668269230769231 0.04567307692307692 0.07692307692307693