0 0.0985576923076923 0.36177884615384615 0.17067307692307693 0.14182692307692307
0 0.19831730769230768 0.22716346153846154 0.14182692307692307 0.10096153846153846
0 0.3557692307692308 0.4182692307692308 0.21153846153846154 0.12259615384615384
0 0.39663461538461536 0.5228365384615384 0.27403846153846156 0.12740384615384615
0 0.34134615384615385 0.2512019230769231 0.1778846153846154 0.19471153846153846
0 0.09254807692307693 0.8798076923076923 0.18509615384615385 0.23557692307692307
0 0.16105769230769232 0.7007211538461539 0.32211538461538464 0.21875
0 0.5132211538461539 0.8846153846153846 0.3245192307692308 0.22596153846153846
0 0.6838942307692307 0.8185096153846154 0.01201923076923077 0.03125
0 0.7235576923076923 0.9362980769230769 0.07692307692307693 0.05048076923076923
0 0.7920673076923077 0.9615384615384616 0.038461538461538464 0.03365384615384615
0 0.7788461538461539 0.8713942307692307 0.055288461538461536 0.03125
0 0.8040865384615384 0.9867788461538461 0.040865384615384616 0.021634615384615384
0 0.7908653846153846 0.9170673076923077 0.05048076923076923 0.03125
0 0.7980769230769231 0.8161057692307693 0.06009615384615385 0.028846153846153848
0 0.8473557692307693 0.9879807692307693 0.04567307692307692 0.019230769230769232
0 0.8377403846153846 0.9399038461538461 0.04807692307692308 0.03125
0 0.8209134615384616 0.7439903846153846 0.052884615384615384 0.03365384615384615
0 0.8485576923076923 0.8413461538461539 0.04807692307692308 0.038461538461538464
0 0.8605769230769231 0.8870192307692307 0.06009615384615385 0.038461538461538464
0 0.8653846153846154 0.8100961538461539 0.06009615384615385 0.028846153846153848
0 0.8245192307692307 0.59375 0.0625 0.009615384615384616
0 0.9711538461538461 0.9158653846153846 0.052884615384615384 0.03365384615384615