0 0.2668269230769231 0.18389423076923078 0.0673076923076923 0.05048076923076923
0 0.2980769230769231 0.09615384615384616 0.07692307692307693 0.04807692307692308
0 0.44350961538461536 0.09975961538461539 0.07211538461538461 0.06009615384615385
0 0.45913461538461536 0.23798076923076922 0.10576923076923077 0.0889423076923077
0 0.1310096153846154 0.5060096153846154 0.16105769230769232 0.036057692307692304
0 0.15865384615384615 0.9038461538461539 0.12740384615384615 0.08173076923076923
0 0.21995192307692307 0.5300480769230769 0.13701923076923078 0.08413461538461539
0 0.2776442307692308 0.59375 0.08173076923076923 0.06009615384615385
0 0.31009615384615385 0.5673076923076923 0.09615384615384616 0.057692307692307696
0 0.34975961538461536 0.5072115384615384 0 0
0 0.4074519230769231 0.5096153846153846 0.11298076923076923 0.04326923076923077
0 0.41947115384615385 0.5540865384615384 0.1658653846153846 0.07932692307692307
0 0.4110576923076923 0.6237980769230769 0.10336538461538461 0.06971153846153846
0 0.5120192307692307 0.5264423076923077 0.11538461538461539 0.06490384615384616
0 0.5132211538461539 0.6935096153846154 0.13701923076923078 0.08173076923076923
0 0.5216346153846154 0.6298076923076923 0.1201923076923077 0.08653846153846154
0 0.5108173076923077 0.7512019230769231 0.12740384615384615 0.10576923076923077
0 0.5552884615384616 0.5769230769230769 0.08173076923076923 0.04567307692307692
0 0.7536057692307693 0.8569711538461539 0.1346153846153846 0.10096153846153846
0 0.8858173076923077 0.9038461538461539 0.1971153846153846 0.11778846153846154