0 0.421875 0.0829326923076923 0.06971153846153846 0.06009615384615385
0 0.2668269230769231 0.20432692307692307 0.13942307692307693 0.055288461538461536
0 0.15264423076923078 0.06490384615384616 0.1346153846153846 0.052884615384615384
0 0.07211538461538461 0.007211538461538462 0.1201923076923077 0.014423076923076924
0 0.03125 0.18629807692307693 0.0625 0.06009615384615385
0 0.03365384615384615 0.07451923076923077 0.0673076923076923 0.08653846153846154
0 0.020432692307692308 0.019230769230769232 0.040865384615384616 0.038461538461538464
0 0.7475961538461539 0.18990384615384615 0.07932692307692307 0.07692307692307693
0 0.11177884615384616 0.84375 0.14903846153846154 0.10576923076923077
0 0.8389423076923077 0.765625 0.3173076923076923 0.2668269230769231
0 0.6658653846153846 0.9074519230769231 0.36538461538461536 0.18028846153846154
0 0.4951923076923077 0.5973557692307693 0.07211538461538461 0.25240384615384615
0 0.9471153846153846 0.8641826923076923 0.10096153846153846 0.1466346153846154