0 0.36899038461538464 0.3329326923076923 0.13221153846153846 0.10817307692307693
0 0.22355769230769232 0.35096153846153844 0.1778846153846154 0.07211538461538461
0 0.1310096153846154 0.23677884615384615 0.13701923076923078 0.057692307692307696
0 0.3269230769230769 0.5 0.06971153846153846 0.0625
0 0.3425480769230769 0.7716346153846154 0.08173076923076923 0.06009615384615385
0 0.20552884615384615 0.921875 0.08173076923076923 0.06009615384615385
0 0.1935096153846154 0.8317307692307693 0.09134615384615384 0.055288461538461536
0 0.019230769230769232 0.7115384615384616 0.038461538461538464 0.057692307692307696
0 0.7800480769230769 0.6189903846153846 0.0889423076923077 0.07932692307692307
0 0.7908653846153846 0.8233173076923077 0.1346153846153846 0.10336538461538461
0 0.7764423076923077 0.7019230769230769 0.10096153846153846 0.06009615384615385
0 0.7752403846153846 0.9543269230769231 0.08653846153846154 0.057692307692307696
0 0.7151442307692307 0.5360576923076923 0.10576923076923077 0.09615384615384616