0 0.5132211538461539 0.030048076923076924 0.06490384615384616 0.06009615384615385
0 0.515625 0.07451923076923077 0.06009615384615385 0.04807692307692308
0 0.453125 0.007211538461538462 0.055288461538461536 0.014423076923076924
0 0.5 0.24879807692307693 0.06971153846153846 0.038461538461538464
0 0.5264423076923077 0.6237980769230769 0.038461538461538464 0.06490384615384616
0 0.4963942307692308 0.5168269230769231 0.06971153846153846 0.06490384615384616
0 0.4182692307692308 0.16105769230769232 0.09615384615384616 0.055288461538461536
0 0.47115384615384615 0.4254807692307692 0.07211538461538461 0.04326923076923077
0 0.47115384615384615 0.46634615384615385 0.08653846153846154 0.040865384615384616
0 0.42427884615384615 0.3245192307692308 0.10817307692307693 0.0673076923076923
0 0.39783653846153844 0.23918269230769232 0.052884615384615384 0.052884615384615384
0 0.4050480769230769 0.6418269230769231 0.11778846153846154 0.028846153846153848
0 0.37259615384615385 0.5144230769230769 0.06009615384615385 0.0625
0 0.9411057692307693 0.3942307692307692 0.07692307692307693 0.06009615384615385
0 0.8918269230769231 0.2608173076923077 0.0889423076923077 0.08413461538461539
0 0.8149038461538461 0.42427884615384615 0.040865384615384616 0.036057692307692304
0 0.7932692307692307 0.4963942307692308 0.0673076923076923 0.06009615384615385
0 0.7451923076923077 0.4026442307692308 0.08653846153846154 0.06009615384615385
0 0.6346153846153846 0.359375 0.09375 0.0625
0 0.5817307692307693 0.4411057692307692 0.0673076923076923 0.04567307692307692
0 0.9254807692307693 0.6706730769230769 0.038461538461538464 0.02403846153846154
0 0.9134615384615384 0.7872596153846154 0.04567307692307692 0.02403846153846154
0 0.8954326923076923 0.8076923076923077 0.04326923076923077 0.021634615384615384
0 0.8569711538461539 0.671875 0.040865384615384616 0.026442307692307692
0 0.8497596153846154 0.8389423076923077 0.036057692307692304 0.021634615384615384
0 0.8125 0.71875 0.04567307692307692 0.03125
0 0.796875 0.6634615384615384 0.04567307692307692 0.009615384615384616
0 0.8197115384615384 0.7788461538461539 0.03365384615384615 0.021634615384615384
0 0.8112980769230769 0.7524038461538461 0.026442307692307692 0.02403846153846154
0 0.8221153846153846 0.8125 0.04567307692307692 0.026442307692307692
0 0.8209134615384616 0.8269230769230769 0.04567307692307692 0.026442307692307692
0 0.8125 0.8533653846153846 0.028846153846153848 0.026442307692307692
0 0.7716346153846154 0.6742788461538461 0.05048076923076923 0.02403846153846154
0 0.75 0.6995192307692307 0.05048076923076923 0.02403846153846154
0 0.7536057692307693 0.7211538461538461 0.04326923076923077 0.02403846153846154
0 0.7752403846153846 0.8257211538461539 0.04567307692307692 0.02403846153846154
0 0.7584134615384616 0.8064903846153846 0.05048076923076923 0.021634615384615384
0 0.7487980769230769 0.7764423076923077 0.036057692307692304 0.02403846153846154
0 0.765625 0.8557692307692307 0.05048076923076923 0.03125