0 0.9783653846153846 0.3449519230769231 0.038461538461538464 0.040865384615384616
0 0.6418269230769231 0.09975961538461539 0.07932692307692307 0.06490384615384616
0 0.04807692307692308 0.7536057692307693 0.028846153846153848 0.021634615384615384
0 0.038461538461538464 0.6334134615384616 0.03125 0.016826923076923076
0 0.06490384615384616 0.734375 0.036057692307692304 0.019230769230769232
0 0.07211538461538461 0.7548076923076923 0.028846153846153848 0.019230769230769232
0 0.051682692307692304 0.5576923076923077 0.016826923076923076 0.019230769230769232
0 0.06610576923076923 0.5961538461538461 0.02403846153846154 0.021634615384615384
0 0.10096153846153846 0.7668269230769231 0.036057692307692304 0.02403846153846154
0 0.09735576923076923 0.71875 0.019230769230769232 0.01201923076923077
0 0.10096153846153846 0.6875 0.028846153846153848 0.021634615384615384
0 0.09735576923076923 0.5432692307692307 0.036057692307692304 0.016826923076923076
0 0.14182692307692307 0.7644230769230769 0.03125 0.014423076923076924
0 0.13581730769230768 0.7019230769230769 0.036057692307692304 0.019230769230769232
0 0.12980769230769232 0.5901442307692307 0.040865384615384616 0.021634615384615384
0 0.14423076923076922 0.5216346153846154 0.040865384615384616 0.02403846153846154
0 0.1814903846153846 0.7271634615384616 0.036057692307692304 0.02403846153846154
0 0.18629807692307693 0.6598557692307693 0.04326923076923077 0.02403846153846154
0 0.18509615384615385 0.5588942307692307 0.03125 0.026442307692307692
0 0.18990384615384615 0.5997596153846154 0.036057692307692304 0.016826923076923076
0 0.22355769230769232 0.6790865384615384 0.04567307692307692 0.019230769230769232
0 0.22235576923076922 0.5180288461538461 0.03125 0.021634615384615384
0 0.2644230769230769 0.6971153846153846 0.036057692307692304 0.026442307692307692
0 0.296875 0.7283653846153846 0.03125 0.03365384615384615
0 0.29086538461538464 0.5889423076923077 0.026442307692307692 0.014423076923076924
0 0.3233173076923077 0.6826923076923077 0.03365384615384615 0.028846153846153848
0 0.33052884615384615 0.7067307692307693 0.03365384615384615 0.02403846153846154
0 0.3233173076923077 0.5889423076923077 0.038461538461538464 0.016826923076923076
0 0.3293269230769231 0.5721153846153846 0.03125 0.016826923076923076
0 0.3737980769230769 0.6899038461538461 0.03365384615384615 0.02403846153846154
0 0.39302884615384615 0.7199519230769231 0.03125 0.014423076923076924
0 0.375 0.49278846153846156 0.038461538461538464 0.016826923076923076
0 0.40625 0.6646634615384616 0.038461538461538464 0.014423076923076924
0 0.41947115384615385 0.6862980769230769 0.05048076923076923 0.019230769230769232
0 0.40625 0.5528846153846154 0.036057692307692304 0.02403846153846154
0 0.43509615384615385 0.7223557692307693 0.04567307692307692 0.019230769230769232
0 0.44350961538461536 0.7007211538461539 0.05048076923076923 0.019230769230769232
0 0.4567307692307692 0.6610576923076923 0.03125 0.016826923076923076
0 0.46875 0.515625 0.040865384615384616 0.019230769230769232
0 0.49399038461538464 0.6430288461538461 0.036057692307692304 0.016826923076923076
0 0.49038461538461536 0.49278846153846156 0.040865384615384616 0.028846153846153848
0 0.5144230769230769 0.6862980769230769 0.040865384615384616 0.028846153846153848
0 0.5120192307692307 0.5276442307692307 0.026442307692307692 0.028846153846153848
0 0.004807692307692308 0.6153846153846154 0.009615384615384616 0.03365384615384615
0 0.53125 0.6478365384615384 0.028846153846153848 0.016826923076923076
0 0.5288461538461539 0.48197115384615385 0.036057692307692304 0.026442307692307692
0 0.5733173076923077 0.6971153846153846 0.007211538461538462 0.02403846153846154
0 0.5661057692307693 0.5408653846153846 0.021634615384615384 0.028846153846153848
0 0.009615384615384616 0.5576923076923077 0.019230769230769232 0.019230769230769232
0 0.019230769230769232 0.5673076923076923 0.036057692307692304 0.019230769230769232