0 0.18269230769230768 0.1466346153846154 0.11778846153846154 0.10336538461538461
0 0.13581730769230768 0.05889423076923077 0.04326923076923077 0.038461538461538464
0 0.052884615384615384 0.140625 0.10576923076923077 0.07451923076923077
0 0.026442307692307692 0.2620192307692308 0.052884615384615384 0.057692307692307696
0 0.016826923076923076 0.20793269230769232 0.03365384615384615 0.06971153846153846
0 0.9855769230769231 0.5132211538461539 0.02403846153846154 0.04567307692307692
0 0.9170673076923077 0.44350961538461536 0.07692307692307693 0.052884615384615384
0 0.7800480769230769 0.3954326923076923 0.06490384615384616 0.06490384615384616
0 0.4362980769230769 0.7427884615384616 0.10576923076923077 0.11298076923076923
0 0.38341346153846156 0.9110576923076923 0.09375 0.0985576923076923
0 0.3401442307692308 0.6466346153846154 0.0889423076923077 0.07451923076923077
0 0.28725961538461536 0.5829326923076923 0.15144230769230768 0.0889423076923077
0 0.3329326923076923 0.8629807692307693 0.07932692307692307 0.0673076923076923
0 0.26802884615384615 0.6875 0.11538461538461539 0.11538461538461539
0 0.2980769230769231 0.9903846153846154 0.125 0.014423076923076924