0 0.11298076923076923 0.11177884615384616 0.15144230769230768 0.04567307692307692
0 0.5012019230769231 0.027644230769230768 0.1466346153846154 0.055288461538461536
0 0.23076923076923078 0.7271634615384616 0.3894230769230769 0.47836538461538464
0 0.2127403846153846 0.4338942307692308 0.4254807692307692 0.3485576923076923
0 0.9651442307692307 0.6634615384615384 0.06490384615384616 0.0673076923076923
0 0.9591346153846154 0.7115384615384616 0.07692307692307693 0.057692307692307696
0 0.9507211538461539 0.4182692307692308 0.09375 0.08653846153846154
0 0.9326923076923077 0.6225961538461539 0.12980769230769232 0.057692307692307696
0 0.9350961538461539 0.7704326923076923 0.125 0.055288461538461536
0 0.9375 0.9711538461538461 0.1201923076923077 0.052884615384615384
0 0.9266826923076923 0.8629807692307693 0.14182692307692307 0.09134615384615384
0 0.9002403846153846 0.5144230769230769 0.052884615384615384 0.036057692307692304
0 0.875 0.47115384615384615 0.13942307692307693 0.0673076923076923
0 0.890625 0.9326923076923077 0.14182692307692307 0.07451923076923077
0 0.8425480769230769 0.5889423076923077 0.13221153846153846 0.06490384615384616
0 0.8473557692307693 0.6826923076923077 0.06490384615384616 0.0889423076923077
0 0.8413461538461539 0.7668269230769231 0.12980769230769232 0.0673076923076923
0 0.8161057692307693 0.5168269230769231 0.11778846153846154 0.05048076923076923
0 0.78125 0.4266826923076923 0.13942307692307693 0.07211538461538461
0 0.8112980769230769 0.8629807692307693 0.1346153846153846 0.07451923076923077
0 0.7836538461538461 0.7211538461538461 0.1346153846153846 0.06971153846153846
0 0.7415865384615384 0.48677884615384615 0.08413461538461539 0.08173076923076923
0 0.7572115384615384 0.9014423076923077 0.13221153846153846 0.08413461538461539
0 0.7007211538461539 0.4110576923076923 0.10336538461538461 0.09375
0 0.7247596153846154 0.7716346153846154 0.15144230769230768 0.07932692307692307
0 0.6935096153846154 0.6033653846153846 0.12259615384615384 0.08653846153846154
0 0.6574519230769231 0.6706730769230769 0.15144230769230768 0.0889423076923077
0 0.65625 0.7127403846153846 0.12980769230769232 0.06490384615384616
0 0.625 0.4098557692307692 0.06490384615384616 0.08653846153846154
0 0.6634615384615384 0.9603365384615384 0.14423076923076922 0.07451923076923077
0 0.6430288461538461 0.7644230769230769 0.13942307692307693 0.07692307692307693
0 0.6442307692307693 0.8461538461538461 0.16346153846153846 0.06490384615384616
0 0.5805288461538461 0.35096153846153844 0.125 0.09375
0 0.6117788461538461 0.9098557692307693 0.10576923076923077 0.07932692307692307
0 0.5757211538461539 0.5324519230769231 0.13942307692307693 0.08653846153846154
0 0.609375 0.9747596153846154 0.11778846153846154 0.04567307692307692
0 0.5300480769230769 0.3942307692307692 0.125 0.07692307692307693
0 0.5396634615384616 0.6694711538461539 0.13701923076923078 0.057692307692307696
0 0.5420673076923077 0.7764423076923077 0.11057692307692307 0.10576923076923077
0 0.5360576923076923 0.9038461538461539 0.14903846153846154 0.06490384615384616
0 0.515625 0.8617788461538461 0.1201923076923077 0.07692307692307693
0 0.4639423076923077 0.3713942307692308 0.07211538461538461 0.06009615384615385
0 0.47596153846153844 0.8125 0.09615384615384616 0.057692307692307696
0 0.4567307692307692 0.5396634615384616 0.057692307692307696 0.07932692307692307
0 0.4519230769230769 0.7439903846153846 0.04807692307692308 0.09375
0 0.45072115384615385 0.4362980769230769 0.04567307692307692 0.05048076923076923
0 0.44711538461538464 0.46875 0.038461538461538464 0.052884615384615384
0 0.4423076923076923 0.5072115384615384 0.028846153846153848 0.0625
0 0.9759615384615384 0.8137019230769231 0.04326923076923077 0.0985576923076923