0 0.1622596153846154 0.0625 0.10096153846153846 0.10096153846153846
0 0.015625 0.2247596153846154 0.03125 0.1466346153846154
0 0.16105769230769232 0.3125 0.06971153846153846 0.08413461538461539
0 0.07932692307692307 0.30528846153846156 0.07692307692307693 0.12259615384615384
0 0.03485576923076923 0.3545673076923077 0.06971153846153846 0.09375
0 0.6658653846153846 0.01201923076923077 0.057692307692307696 0.02403846153846154
0 0.5637019230769231 0.007211538461538462 0.06009615384615385 0.014423076923076924
0 0.5012019230769231 0.020432692307692308 0.040865384615384616 0.040865384615384616
0 0.8112980769230769 0.03485576923076923 0.057692307692307696 0.052884615384615384
0 0.6754807692307693 0.12139423076923077 0.04326923076923077 0.10336538461538461
0 0.9663461538461539 0.1622596153846154 0.04326923076923077 0.09375
0 0.6057692307692307 0.125 0.04567307692307692 0.08173076923076923
0 0.6995192307692307 0.22115384615384615 0.0625 0.10096153846153846
0 0.5685096153846154 0.22716346153846154 0.06009615384615385 0.08413461538461539
0 0.7572115384615384 0.2848557692307692 0.052884615384615384 0.06490384615384616
0 0.6105769230769231 0.2860576923076923 0.06971153846153846 0.08653846153846154
0 0.6514423076923077 0.3762019230769231 0.03365384615384615 0.055288461538461536
0 0.5252403846153846 0.4170673076923077 0.06009615384615385 0.040865384615384616
0 0.203125 0.9314903846153846 0.055288461538461536 0.09615384615384616
0 0.40865384615384615 0.9591346153846154 0.052884615384615384 0.07692307692307693
0 0.8401442307692307 0.71875 0.31490384615384615 0.5576923076923077
0 0.5997596153846154 0.7079326923076923 0.3004807692307692 0.53125