0 0.2848557692307692 0.2668269230769231 0.07932692307692307 0.057692307692307696
0 0.6237980769230769 0.2668269230769231 0.05048076923076923 0.057692307692307696
0 0.2608173076923077 0.5817307692307693 0.3125 0.5048076923076923
0 0.8209134615384616 0.3137019230769231 0.05048076923076923 0.03125
0 0.6286057692307693 0.32572115384615385 0.06009615384615385 0.055288461538461536
0 0.7475961538461539 0.32091346153846156 0.052884615384615384 0.04567307692307692
0 0.6694711538461539 0.3269230769230769 0.04567307692307692 0.057692307692307696
0 0.7079326923076923 0.33774038461538464 0.06009615384615385 0.07932692307692307
0 0.8725961538461539 0.3401442307692308 0.0673076923076923 0.08413461538461539
0 0.6177884615384616 0.3894230769230769 0.038461538461538464 0.057692307692307696
0 0.7836538461538461 0.3762019230769231 0.040865384615384616 0.09375
0 0.6382211538461539 0.421875 0.06490384615384616 0.057692307692307696
0 0.8125 0.4026442307692308 0.057692307692307696 0.07932692307692307
0 0.6057692307692307 0.4495192307692308 0.014423076923076924 0.08653846153846154
0 0.7247596153846154 0.4375 0.06490384615384616 0.055288461538461536
0 0.8521634615384616 0.4675480769230769 0.0625 0.11538461538461539
0 0.7055288461538461 0.49038461538461536 0.05048076923076923 0.0625
0 0.7848557692307693 0.4831730769230769 0.057692307692307696 0.07692307692307693
0 0.6442307692307693 0.5384615384615384 0.055288461538461536 0.08653846153846154
0 0.6069711538461539 0.5637019230769231 0.016826923076923076 0.07451923076923077
0 0.6189903846153846 0.5637019230769231 0.040865384615384616 0.0889423076923077
0 0.6995192307692307 0.5612980769230769 0.0625 0.10817307692307693
0 0.7992788461538461 0.5564903846153846 0.06490384615384616 0.07932692307692307
0 0.6646634615384616 0.6081730769230769 0.06490384615384616 0.0889423076923077
0 0.8197115384615384 0.6057692307692307 0.06009615384615385 0.06009615384615385
0 0.734375 0.6237980769230769 0.040865384615384616 0.057692307692307696
0 0.6081730769230769 0.6526442307692307 0.019230769230769232 0.06009615384615385
0 0.7680288461538461 0.625 0.052884615384615384 0.11298076923076923
0 0.6887019230769231 0.6887019230769231 0.052884615384615384 0.055288461538461536
0 0.8341346153846154 0.6935096153846154 0.07692307692307693 0.08173076923076923
0 0.6358173076923077 0.7295673076923077 0.07451923076923077 0.0673076923076923
0 0.7487980769230769 0.7716346153846154 0.057692307692307696 0.0673076923076923
0 0.8209134615384616 0.765625 0.0625 0.11538461538461539
0 0.6153846153846154 0.8100961538461539 0.03365384615384615 0.09615384615384616
0 0.6983173076923077 0.8161057692307693 0.06490384615384616 0.0889423076923077
0 0.6286057692307693 0.8725961538461539 0.05048076923076923 0.07692307692307693
0 0.7007211538461539 0.8894230769230769 0.0673076923076923 0.08173076923076923