0 0.5240384615384616 0.36177884615384615 0.09375 0.057692307692307696
0 0.5396634615384616 0.41225961538461536 0.11057692307692307 0.07451923076923077
0 0.5360576923076923 0.3088942307692308 0.12259615384615384 0.07211538461538461
0 0.5228365384615384 0.19831730769230768 0.16105769230769232 0.14423076923076922
0 0.5757211538461539 0.45072115384615385 0.08653846153846154 0.06971153846153846
0 0.5168269230769231 0.05889423076923077 0.10817307692307693 0.08413461538461539
0 0.6346153846153846 0.46634615384615385 0.10336538461538461 0.09134615384615384
0 0.5949519230769231 0.027644230769230768 0.12740384615384615 0.055288461538461536
0 0.7620192307692307 0.5 0.11538461538461539 0.0985576923076923
0 0.2704326923076923 0.9362980769230769 0.125 0.0889423076923077
0 0.28365384615384615 0.8762019230769231 0.10817307692307693 0.07211538461538461
0 0.3329326923076923 0.8918269230769231 0.057692307692307696 0.04807692307692308