0 0.28365384615384615 0.04927884615384615 0.5673076923076923 0.0985576923076923
0 0.296875 0.14903846153846154 0.59375 0.2980769230769231
0 0.36538461538461536 0.3004807692307692 0.5 0.30288461538461536
0 0.8076923076923077 0.25841346153846156 0.3798076923076923 0.5168269230769231
0 0.10817307692307693 0.9759615384615384 0.11538461538461539 0.04326923076923077
0 0.05889423076923077 0.6225961538461539 0.11778846153846154 0.09134615384615384
0 0.08052884615384616 0.7680288461538461 0.07932692307692307 0.04567307692307692
0 0.09375 0.8353365384615384 0.10096153846153846 0.10817307692307693
0 0.16105769230769232 0.9122596153846154 0.10576923076923077 0.06490384615384616
0 0.13822115384615385 0.7019230769230769 0.07932692307692307 0.08413461538461539
0 0.13701923076923078 0.5913461538461539 0.10096153846153846 0.08173076923076923
0 0.21634615384615385 0.8605769230769231 0.11778846153846154 0.07692307692307693
0 0.20072115384615385 0.7007211538461539 0.09134615384615384 0.07692307692307693
0 0.21394230769230768 0.7716346153846154 0.09615384615384616 0.08173076923076923
0 0.25841346153846156 0.9783653846153846 0.11778846153846154 0.038461538461538464
0 0.21514423076923078 0.6502403846153846 0.06009615384615385 0.04567307692307692
0 0.3161057692307692 0.9795673076923077 0.11298076923076923 0.036057692307692304
0 0.28725961538461536 0.6826923076923077 0.09615384615384616 0.07692307692307693
0 0.3076923076923077 0.7536057692307693 0.12259615384615384 0.07692307692307693
0 0.35697115384615385 0.9375 0.13942307692307693 0.08413461538461539
0 0.3449519230769231 0.8413461538461539 0.07692307692307693 0.07692307692307693
0 0.3870192307692308 0.8545673076923077 0.1466346153846154 0.0985576923076923
0 0.41225961538461536 0.9603365384615384 0.12259615384615384 0.07451923076923077
0 0.3701923076923077 0.6334134615384616 0.10336538461538461 0.09134615384615384
0 0.4098557692307692 0.7692307692307693 0.12740384615384615 0.06490384615384616
0 0.3942307692307692 0.578125 0.10336538461538461 0.09134615384615384
0 0.4807692307692308 0.9591346153846154 0.10576923076923077 0.07692307692307693
0 0.41586538461538464 0.546875 0.1201923076923077 0.055288461538461536
0 0.46274038461538464 0.7055288461538461 0.08653846153846154 0.07932692307692307
0 0.5120192307692307 0.8413461538461539 0.15865384615384615 0.0889423076923077
0 0.5528846153846154 0.9579326923076923 0.125 0.07932692307692307
0 0.5216346153846154 0.5829326923076923 0.10576923076923077 0.08653846153846154
0 0.5372596153846154 0.6526442307692307 0.12980769230769232 0.09134615384615384
0 0.5745192307692307 0.7728365384615384 0.08173076923076923 0.07932692307692307
0 0.5805288461538461 0.8810096153846154 0.06971153846153846 0.10817307692307693
0 0.5805288461538461 0.7067307692307693 0.06971153846153846 0.09134615384615384
0 0.7680288461538461 0.5300480769230769 0.07932692307692307 0.021634615384615384
0 0.9783653846153846 0.7788461538461539 0.038461538461538464 0.057692307692307696
0 0.9759615384615384 0.7235576923076923 0.04326923076923077 0.07211538461538461
0 0.9891826923076923 0.8317307692307693 0.016826923076923076 0.0625
0 0.9879807692307693 0.6201923076923077 0.019230769230769232 0.0625