0 0.12740384615384615 0.3125 0.18509615384615385 0.13221153846153846
0 0.9146634615384616 0.4495192307692308 0.04326923076923077 0.028846153846153848
0 0.8569711538461539 0.4543269230769231 0.036057692307692304 0.03125
0 0.8858173076923077 0.33533653846153844 0.04567307692307692 0.021634615384615384
0 0.890625 0.18509615384615385 0.038461538461538464 0.028846153846153848
0 0.8762019230769231 0.013221153846153846 0.036057692307692304 0.026442307692307692
0 0.8305288461538461 0.14783653846153846 0.028846153846153848 0.028846153846153848
0 0.8209134615384616 0.1201923076923077 0.040865384615384616 0.026442307692307692
0 0.8341346153846154 0.030048076923076924 0.040865384615384616 0.026442307692307692
0 0.6995192307692307 0.35697115384615385 0.05048076923076923 0.026442307692307692
0 0.7824519230769231 0.026442307692307692 0.028846153846153848 0.028846153846153848
0 0.6225961538461539 0.42908653846153844 0.038461538461538464 0.026442307692307692
0 0.5985576923076923 0.38341346153846156 0.04326923076923077 0.02403846153846154
0 0.5817307692307693 0.44711538461538464 0.02403846153846154 0.028846153846153848
0 0.6177884615384616 0.2403846153846154 0.038461538461538464 0.026442307692307692
0 0.5841346153846154 0.3125 0.028846153846153848 0.02403846153846154
0 0.6057692307692307 0.1971153846153846 0.038461538461538464 0.036057692307692304
0 0.21514423076923078 0.9447115384615384 0.11778846153846154 0.10576923076923077
0 0.2800480769230769 0.5769230769230769 0.2091346153846154 0.1346153846153846
0 0.16706730769230768 0.8257211538461539 0.09375 0.08173076923076923
0 0.15384615384615385 0.7247596153846154 0.15625 0.14182692307692307
0 0.14302884615384615 0.6201923076923077 0.13942307692307693 0.12259615384615384
0 0.08533653846153846 0.8341346153846154 0.12259615384615384 0.12259615384615384
0 0.08173076923076923 0.5504807692307693 0.16346153846153846 0.08173076923076923
0 0.6574519230769231 0.8569711538461539 0.17548076923076922 0.28125