0 0.22115384615384615 0.056490384615384616 0.125 0.11298076923076923
0 0.3401442307692308 0.14903846153846154 0.08413461538461539 0.1346153846153846
0 0.12980769230769232 0.27884615384615385 0.09615384615384616 0.20432692307692307
0 0.03365384615384615 0.28365384615384615 0.0673076923076923 0.22596153846153846
0 0.2956730769230769 0.28846153846153844 0.17548076923076922 0.15865384615384615
0 0.9915865384615384 0.16346153846153846 0.01201923076923077 0.07692307692307693
0 0.004807692307692308 0.4254807692307692 0.009615384615384616 0.052884615384615384
0 0.15144230769230768 0.5432692307692307 0.04807692307692308 0.07451923076923077
0 0.11177884615384616 0.5552884615384616 0.038461538461538464 0.07451923076923077
0 0.036057692307692304 0.6201923076923077 0.055288461538461536 0.055288461538461536
0 0.1778846153846154 0.6262019230769231 0.040865384615384616 0.08413461538461539
0 0.12740384615384615 0.6598557692307693 0.03365384615384615 0.0985576923076923
0 0.18509615384615385 0.6947115384615384 0.036057692307692304 0.06490384615384616
0 0.14543269230769232 0.71875 0.021634615384615384 0.052884615384615384
0 0.052884615384615384 0.7247596153846154 0.038461538461538464 0.04567307692307692
0 0.09615384615384616 0.7319711538461539 0.026442307692307692 0.05048076923076923
0 0.12259615384615384 0.7475961538461539 0.028846153846153848 0.055288461538461536
0 0.265625 0.7439903846153846 0.04807692307692308 0.08173076923076923
0 0.1778846153846154 0.7704326923076923 0.036057692307692304 0.07932692307692307
0 0.27163461538461536 0.8413461538461539 0.028846153846153848 0.07692307692307693
0 0.019230769230769232 0.8822115384615384 0.038461538461538464 0.07451923076923077
0 0.13942307692307693 0.8762019230769231 0.055288461538461536 0.0673076923076923
0 0.11057692307692307 0.9290865384615384 0.04567307692307692 0.055288461538461536
0 0.13822115384615385 0.9663461538461539 0.052884615384615384 0.04807692307692308
0 0.27283653846153844 0.9675480769230769 0.06009615384615385 0.038461538461538464
0 0.171875 0.9747596153846154 0.052884615384615384 0.04567307692307692
0 0.5492788461538461 0.7091346153846154 0.18028846153846154 0.44711538461538464
0 0.7728365384615384 0.9387019230769231 0.14182692307692307 0.11778846153846154