0 0.2692307692307692 0.3173076923076923 0.12980769230769232 0.23798076923076922
0 0.0733173076923077 0.5829326923076923 0.036057692307692304 0.05048076923076923
0 0.008413461538461538 0.5985576923076923 0.016826923076923076 0.0673076923076923
0 0.037259615384615384 0.6069711538461539 0.052884615384615384 0.04567307692307692
0 0.08413461538461539 0.6875 0.03125 0.052884615384615384
0 0.004807692307692308 0.734375 0.009615384615384616 0.07932692307692307
0 0.1045673076923077 0.7463942307692307 0.028846153846153848 0.052884615384615384
0 0.019230769230769232 0.8329326923076923 0.038461538461538464 0.06009615384615385
0 0.11658653846153846 0.8473557692307693 0.04567307692307692 0.0673076923076923
0 0.11778846153846154 0.9086538461538461 0.036057692307692304 0.06971153846153846
0 0.0625 0.921875 0.055288461538461536 0.07692307692307693
0 0.02403846153846154 0.9399038461538461 0.038461538461538464 0.05048076923076923
0 0.140625 0.9903846153846154 0.03125 0.014423076923076924
0 0.6790865384615384 0.5757211538461539 0.04567307692307692 0.036057692307692304
0 0.6105769230769231 0.5793269230769231 0.04807692307692308 0.04326923076923077
0 0.7211538461538461 0.6334134615384616 0.0625 0.10096153846153846
0 0.5949519230769231 0.6658653846153846 0.06009615384615385 0.08413461538461539
0 0.7908653846153846 0.6838942307692307 0.052884615384615384 0.06490384615384616
0 0.6478365384615384 0.7151442307692307 0.06971153846153846 0.08653846153846154
0 0.7067307692307693 0.7944711538461539 0.03365384615384615 0.055288461538461536
0 0.59375 0.8725961538461539 0.057692307692307696 0.0625