0 0.18870192307692307 0.018028846153846152 0.06009615384615385 0.036057692307692304
0 0.3786057692307692 0.1502403846153846 0.052884615384615384 0.06971153846153846
0 0.2403846153846154 0.18028846153846154 0.07451923076923077 0.08173076923076923
0 0.3918269230769231 0.27884615384615385 0.03125 0.038461538461538464
0 0.46033653846153844 0.31009615384615385 0.052884615384615384 0.06009615384615385
0 0.359375 0.3449519230769231 0.05048076923076923 0.08173076923076923
0 0.3016826923076923 0.4495192307692308 0.05048076923076923 0.0889423076923077
0 0.3737980769230769 0.515625 0.036057692307692304 0.06490384615384616
0 0.22115384615384615 0.5408653846153846 0.0625 0.028846153846153848
0 0.6742788461538461 0.3557692307692308 0.11298076923076923 0.39903846153846156
0 0.40865384615384615 0.6490384615384616 0.20192307692307693 0.18269230769230768