0 0.18870192307692307 0.49278846153846156 0.09375 0.10817307692307693
0 0.7560096153846154 0.5576923076923077 0.09375 0.07692307692307693
0 0.6983173076923077 0.3557692307692308 0.12980769230769232 0.09375
0 0.18269230769230768 0.6971153846153846 0.36538461538461536 0.1971153846153846
0 0.9158653846153846 0.8641826923076923 0.09134615384615384 0.028846153846153848
0 0.9050480769230769 0.6959134615384616 0.08653846153846154 0.057692307692307696
0 0.8990384615384616 0.6165865384615384 0.0673076923076923 0.036057692307692304
0 0.8870192307692307 0.7956730769230769 0.08413461538461539 0.04807692307692308
0 0.8774038461538461 0.6430288461538461 0.06009615384615385 0.04326923076923077
0 0.8125 0.9170673076923077 0.06009615384615385 0.038461538461538464
0 0.7932692307692307 0.859375 0.04326923076923077 0.052884615384615384
0 0.7620192307692307 0.6201923076923077 0.08173076923076923 0.04326923076923077
0 0.7223557692307693 0.7680288461538461 0.04807692307692308 0.052884615384615384
0 0.6213942307692307 0.6418269230769231 0.10096153846153846 0.03365384615384615
0 0.6117788461538461 0.9350961538461539 0.09134615384615384 0.03365384615384615
0 0.5252403846153846 0.6754807692307693 0.09615384615384616 0.052884615384615384
0 0.4675480769230769 0.7403846153846154 0.06009615384615385 0.04567307692307692
0 0.4519230769230769 0.6129807692307693 0.08173076923076923 0.028846153846153848
0 0.38100961538461536 0.6454326923076923 0.026442307692307692 0.03125
0 0.9807692307692307 0.6935096153846154 0.03365384615384615 0.05048076923076923
0 0.9615384615384616 0.9122596153846154 0.04807692307692308 0.052884615384615384