0 0.41346153846153844 0.4170673076923077 0.10096153846153846 0.11538461538461539
0 0.625 0.5829326923076923 0.0625 0.06971153846153846
0 0.019230769230769232 0.796875 0.038461538461538464 0.036057692307692304
0 0.03125 0.9002403846153846 0.03125 0.026442307692307692
0 0.03245192307692308 0.8245192307692307 0.06490384615384616 0.03365384615384615
0 0.03365384615384615 0.7427884615384616 0.03125 0.026442307692307692
0 0.046875 0.7175480769230769 0.03125 0.03125
0 0.08653846153846154 0.9903846153846154 0.07211538461538461 0.014423076923076924
0 0.06129807692307692 0.7475961538461539 0.03125 0.026442307692307692
0 0.08413461538461539 0.8521634615384616 0.04326923076923077 0.02403846153846154
0 0.09735576923076923 0.8725961538461539 0.052884615384615384 0.02403846153846154
0 0.10096153846153846 0.8245192307692307 0.055288461538461536 0.021634615384615384
0 0.10576923076923077 0.7752403846153846 0.055288461538461536 0.03125
0 0.12740384615384615 0.9266826923076923 0.04567307692307692 0.03125
0 0.12620192307692307 0.6995192307692307 0.052884615384615384 0.026442307692307692
0 0.13701923076923078 0.7379807692307693 0.052884615384615384 0.02403846153846154
0 0.1658653846153846 0.9242788461538461 0.036057692307692304 0.036057692307692304
0 0.15865384615384615 0.7908653846153846 0.040865384615384616 0.028846153846153848
0 0.1658653846153846 0.8689903846153846 0.055288461538461536 0.02403846153846154
0 0.15264423076923078 0.6490384615384616 0.04567307692307692 0.038461538461538464
0 0.17668269230769232 0.7463942307692307 0.040865384615384616 0.028846153846153848
0 0.19831730769230768 0.8317307692307693 0.036057692307692304 0.03125
0 0.18870192307692307 0.6947115384615384 0.05048076923076923 0.038461538461538464
0 0.21754807692307693 0.9326923076923077 0.04807692307692308 0.04807692307692308
0 0.21514423076923078 0.7872596153846154 0.06490384615384616 0.026442307692307692
0 0.20432692307692307 0.6538461538461539 0.052884615384615384 0.04326923076923077
0 0.23677884615384615 0.8064903846153846 0.04567307692307692 0.03125
0 0.23197115384615385 0.7295673076923077 0.04326923076923077 0.03365384615384615
0 0.27163461538461536 0.6959134615384616 0.052884615384615384 0.02403846153846154
0 0.265625 0.6430288461538461 0.028846153846153848 0.026442307692307692
0 0.296875 0.8834134615384616 0.036057692307692304 0.038461538461538464
0 0.2824519230769231 0.7175480769230769 0.04567307692307692 0.02403846153846154
0 0.28966346153846156 0.7584134615384616 0.04567307692307692 0.038461538461538464
0 0.29927884615384615 0.8100961538461539 0.04567307692307692 0.038461538461538464
0 0.32211538461538464 0.9819711538461539 0.052884615384615384 0.03125
0 0.33653846153846156 0.9483173076923077 0.04567307692307692 0.036057692307692304
0 0.3125 0.6586538461538461 0.04567307692307692 0.026442307692307692
0 0.3425480769230769 0.7560096153846154 0.040865384615384616 0.02403846153846154
0 0.35697115384615385 0.8665865384615384 0.05048076923076923 0.028846153846153848
0 0.3485576923076923 0.7007211538461539 0.06009615384615385 0.028846153846153848
0 0.3762019230769231 0.8954326923076923 0.0673076923076923 0.02403846153846154
0 0.3918269230769231 0.7728365384615384 0.057692307692307696 0.028846153846153848
0 0.41225961538461536 0.8485576923076923 0.04567307692307692 0.028846153846153848
0 0.4014423076923077 0.7427884615384616 0.05048076923076923 0.03125
0 0.4050480769230769 0.6682692307692307 0.05048076923076923 0.036057692307692304
0 0.4483173076923077 0.9603365384615384 0.040865384615384616 0.040865384615384616
0 0.41586538461538464 0.640625 0.07692307692307693 0.021634615384615384
0 0.4423076923076923 0.7307692307692307 0.036057692307692304 0.036057692307692304
0 0.45072115384615385 0.6995192307692307 0.055288461538461536 0.021634615384615384
0 0.5240384615384616 0.9891826923076923 0.04807692307692308 0.016826923076923076
0 0.48677884615384615 0.6526442307692307 0.040865384615384616 0.02403846153846154
0 0.5204326923076923 0.9627403846153846 0.055288461538461536 0.019230769230769232
0 0.5108173076923077 0.8269230769230769 0.06490384615384616 0.038461538461538464
0 0.5480769230769231 0.640625 0.07692307692307693 0.021634615384615384
0 0.6790865384615384 0.9867788461538461 0.040865384615384616 0.021634615384615384
0 0.6826923076923077 0.6935096153846154 0.04807692307692308 0.06009615384615385
0 0.703125 0.6526442307692307 0.0889423076923077 0.04567307692307692
0 0.7115384615384616 0.8473557692307693 0.10576923076923077 0.057692307692307696
0 0.7319711538461539 0.9747596153846154 0.07932692307692307 0.04567307692307692
0 0.7127403846153846 0.7247596153846154 0.0889423076923077 0.04807692307692308
0 0.7271634615384616 0.8052884615384616 0.07692307692307693 0.040865384615384616
0 0.7355769230769231 0.765625 0.10817307692307693 0.052884615384615384
0 0.78125 0.9134615384615384 0.09615384615384616 0.0625
0 0.8125 0.9855769230769231 0.09134615384615384 0.02403846153846154
0 0.7992788461538461 0.8689903846153846 0.052884615384615384 0.052884615384615384
0 0.7944711538461539 0.6911057692307693 0.09375 0.038461538461538464
0 0.8353365384615384 0.8389423076923077 0.055288461538461536 0.0625
0 0.8209134615384616 0.6634615384615384 0.07932692307692307 0.055288461538461536
0 0.859375 0.9038461538461539 0.08413461538461539 0.06971153846153846
0 0.8533653846153846 0.7524038461538461 0.052884615384615384 0.0625
0 0.8882211538461539 0.6442307692307693 0.11778846153846154 0.028846153846153848
0 0.9050480769230769 0.7728365384615384 0.0625 0.04807692307692308
0 0.9002403846153846 0.6935096153846154 0.07692307692307693 0.055288461538461536
0 0.9507211538461539 0.8353365384615384 0.08653846153846154 0.05048076923076923
0 0.9663461538461539 0.8870192307692307 0.0625 0.038461538461538464
0 0.9639423076923077 0.8617788461538461 0.0673076923076923 0.040865384615384616
0 0.9591346153846154 0.7824519230769231 0.07692307692307693 0.06009615384615385
0 0.9663461538461539 0.6838942307692307 0.0625 0.06490384615384616
0 0.9879807692307693 0.9086538461538461 0.019230769230769232 0.04326923076923077
0 0.9879807692307693 0.8197115384615384 0.019230769230769232 0.0625