0 0.021634615384615384 0.4206730769230769 0.04326923076923077 0.057692307692307696
0 0.09375 0.29086538461538464 0.07211538461538461 0.052884615384615384
0 0.13701923076923078 0.3629807692307692 0.07692307692307693 0.040865384615384616
0 0.3329326923076923 0.5048076923076923 0.07932692307692307 0.04326923076923077
0 0.7307692307692307 0.203125 0.03365384615384615 0.03365384615384615
0 0.7367788461538461 0.16826923076923078 0.04807692307692308 0.03365384615384615
0 0.7716346153846154 0.21033653846153846 0.0625 0.038461538461538464
0 0.78125 0.16706730769230768 0.04807692307692308 0.038461538461538464
0 0.8545673076923077 0.0673076923076923 0.12259615384615384 0.06971153846153846
0 0.6358173076923077 0.7836538461538461 0.11538461538461539 0.06971153846153846
0 0.6586538461538461 0.7271634615384616 0.10096153846153846 0.055288461538461536
0 0.7043269230769231 0.7512019230769231 0.05048076923076923 0.038461538461538464