0 0.19831730769230768 0.3798076923076923 0.10817307692307693 0.10817307692307693
0 0.46875 0.08413461538461539 0.057692307692307696 0.08173076923076923
0 0.7608173076923077 0.025240384615384616 0.055288461538461536 0.05048076923076923
0 0.6550480769230769 0.015625 0.055288461538461536 0.03125
0 0.7163461538461539 0.02403846153846154 0.052884615384615384 0.04807692307692308
0 0.6682692307692307 0.042067307692307696 0.057692307692307696 0.08173076923076923
0 0.75 0.2403846153846154 0.052884615384615384 0.08413461538461539
0 0.4723557692307692 0.9002403846153846 0.05048076923076923 0.1466346153846154
0 0.03365384615384615 0.9338942307692307 0.0673076923076923 0.12740384615384615
0 0.9783653846153846 0.5420673076923077 0.038461538461538464 0.1466346153846154
0 0.9194711538461539 0.5408653846153846 0.10336538461538461 0.14423076923076922
0 0.7872596153846154 0.703125 0.11778846153846154 0.23557692307692307
0 0.71875 0.7415865384615384 0.14182692307692307 0.2644230769230769
0 0.6165865384615384 0.7319711538461539 0.12980769230769232 0.125
0 0.78125 0.90625 0.12980769230769232 0.18269230769230768
0 0.5180288461538461 0.8473557692307693 0.036057692307692304 0.18990384615384615
0 0.5997596153846154 0.9290865384615384 0.13221153846153846 0.13701923076923078