0 0.6826923076923077 0.026442307692307692 0.07692307692307693 0.052884615384615384
0 0.7295673076923077 0.037259615384615384 0.06971153846153846 0.07451923076923077
0 0.6286057692307693 0.051682692307692304 0.06971153846153846 0.10336538461538461
0 0.7728365384615384 0.06850961538461539 0.06971153846153846 0.13701923076923078
0 0.9663461538461539 0.10817307692307693 0.0625 0.15384615384615385
0 0.8569711538461539 0.0985576923076923 0.10096153846153846 0.15625
0 0.5132211538461539 0.039663461538461536 0.038461538461538464 0.055288461538461536
0 0.4651442307692308 0.0625 0.07932692307692307 0.125
0 0.9146634615384616 0.15745192307692307 0.08653846153846154 0.1466346153846154
0 0.5709134615384616 0.11538461538461539 0.07451923076923077 0.1346153846153846
0 0.6634615384615384 0.1346153846153846 0.09375 0.07211538461538461
0 0.7427884615384616 0.1622596153846154 0.07932692307692307 0.13221153846153846
0 0.49399038461538464 0.12259615384615384 0.06009615384615385 0.1201923076923077
0 0.43028846153846156 0.13221153846153846 0.02403846153846154 0.14423076923076922
0 0.828125 0.21634615384615385 0.08413461538461539 0.13942307692307693
0 0.6838942307692307 0.20552884615384615 0.07932692307692307 0.13701923076923078
0 0.4543269230769231 0.18509615384615385 0.07211538461538461 0.09134615384615384
0 0.9699519230769231 0.2860576923076923 0.055288461538461536 0.15865384615384615
0 0.8509615384615384 0.2776442307692308 0.09375 0.13701923076923078
0 0.7175480769230769 0.2764423076923077 0.09134615384615384 0.15625
0 0.546875 0.2620192307692308 0.09615384615384616 0.12740384615384615
0 0.6021634615384616 0.31490384615384615 0.10096153846153846 0.15625
0 0.6430288461538461 0.3269230769230769 0.07692307692307693 0.13221153846153846
0 0.8870192307692307 0.3858173076923077 0.0889423076923077 0.1466346153846154
0 0.6887019230769231 0.35336538461538464 0.08653846153846154 0.14423076923076922
0 0.7680288461538461 0.37259615384615385 0.07692307692307693 0.1658653846153846
0 0.8209134615384616 0.4206730769230769 0.08653846153846154 0.11057692307692307
0 0.4579326923076923 0.3581730769230769 0.07932692307692307 0.14903846153846154
0 0.8978365384615384 0.43509615384615385 0.0889423076923077 0.10096153846153846
0 0.5709134615384616 0.421875 0.06971153846153846 0.12740384615384615
0 0.6754807692307693 0.43990384615384615 0.11538461538461539 0.09134615384615384
0 0.796875 0.45072115384615385 0.07932692307692307 0.06971153846153846
0 0.7512019230769231 0.46153846153846156 0.0889423076923077 0.04807692307692308
0 0.8966346153846154 0.027644230769230768 0.08173076923076923 0.055288461538461536
0 0.8353365384615384 0.03485576923076923 0.10817307692307693 0.06971153846153846
0 0.20552884615384615 0.5 0.11778846153846154 0.02403846153846154
0 0.34615384615384615 0.5600961538461539 0.0985576923076923 0.09615384615384616
0 0.08173076923076923 0.5252403846153846 0.07692307692307693 0.07451923076923077
0 0.025240384615384616 0.5516826923076923 0.05048076923076923 0.12740384615384615
0 0.2848557692307692 0.59375 0.06971153846153846 0.08173076923076923
0 0.09735576923076923 0.5973557692307693 0.11778846153846154 0.11778846153846154
0 0.40024038461538464 0.6754807692307693 0.03125 0.125
0 0.5865384615384616 0.5805288461538461 0.23076923076923078 0.18509615384615385
0 0.71875 0.6526442307692307 0.23557692307692307 0.27884615384615385