0 0.03365384615384615 0.2620192307692308 0.0673076923076923 0.0625
0 0.08653846153846154 0.3233173076923077 0.0889423076923077 0.07932692307692307
0 0.15985576923076922 0.18269230769230768 0.10576923076923077 0.05048076923076923
0 0.21754807692307693 0.421875 0.06971153846153846 0.07211538461538461
0 0.2548076923076923 0.4362980769230769 0.0889423076923077 0.07692307692307693
0 0.2283653846153846 0.2091346153846154 0.06490384615384616 0.07692307692307693
0 0.24879807692307693 0.28966346153846156 0.10576923076923077 0.04807692307692308
0 0.27283653846153844 0.37259615384615385 0.0985576923076923 0.0625
0 0.3137019230769231 0.45552884615384615 0.08413461538461539 0.040865384615384616
0 0.2512019230769231 0.13581730769230768 0.08173076923076923 0.07211538461538461
0 0.33774038461538464 0.38461538461538464 0.08413461538461539 0.052884615384615384
0 0.2860576923076923 0.057692307692307696 0.12980769230769232 0.08173076923076923
0 0.33774038461538464 0.2920673076923077 0.09134615384615384 0.04807692307692308
0 0.3425480769230769 0.02403846153846154 0.0985576923076923 0.04807692307692308
0 0.38221153846153844 0.13942307692307693 0.09134615384615384 0.06490384615384616
0 0.41466346153846156 0.24759615384615385 0.08653846153846154 0.07211538461538461
0 0.4338942307692308 0.2920673076923077 0.09134615384615384 0.05048076923076923
0 0.47716346153846156 0.3942307692307692 0.08413461538461539 0.08413461538461539
0 0.5204326923076923 0.32572115384615385 0.07211538461538461 0.055288461538461536
0 0.5396634615384616 0.25600961538461536 0.09375 0.07451923076923077
0 0.5180288461538461 0.11298076923076923 0.11778846153846154 0.057692307692307696
0 0.4987980769230769 0.019230769230769232 0.13221153846153846 0.038461538461538464
0 0.5997596153846154 0.1466346153846154 0.12259615384615384 0.0673076923076923
0 0.6334134615384616 0.44591346153846156 0.06490384615384616 0.06490384615384616
0 0.03365384615384615 0.390625 0.0673076923076923 0.08413461538461539
0 0.6262019230769231 0.5625 0.07932692307692307 0.08653846153846154
0 0.6899038461538461 0.5961538461538461 0.04326923076923077 0.0625
0 0.7007211538461539 0.4891826923076923 0.06490384615384616 0.021634615384615384
0 0.8293269230769231 0.5 0.10576923076923077 0.04326923076923077