0 0.13822115384615385 0.02283653846153846 0.15625 0.04567307692307692
0 0.5024038461538461 0.23197115384615385 0.13701923076923078 0.18028846153846154
0 0.007211538461538462 0.5360576923076923 0.014423076923076924 0.11057692307692307
0 0.35336538461538464 0.5204326923076923 0.07932692307692307 0.11298076923076923
0 0.20432692307692307 0.53125 0.038461538461538464 0.07692307692307693
0 0.13581730769230768 0.5360576923076923 0.0985576923076923 0.09375
0 0.054086538461538464 0.5949519230769231 0.055288461538461536 0.10096153846153846
0 0.2644230769230769 0.5949519230769231 0.07932692307692307 0.07211538461538461
0 0.375 0.6057692307692307 0.07451923076923077 0.09615384615384616
0 0.0985576923076923 0.65625 0.06490384615384616 0.11538461538461539
0 0.25961538461538464 0.6574519230769231 0.0673076923076923 0.08653846153846154
0 0.1875 0.6634615384615384 0.07211538461538461 0.09134615384615384
0 0.3088942307692308 0.6766826923076923 0.040865384615384616 0.057692307692307696
0 0.26802884615384615 0.7451923076923077 0.0673076923076923 0.09134615384615384
0 0.19471153846153846 0.7584134615384616 0.06490384615384616 0.1201923076923077
0 0.02283653846153846 0.7872596153846154 0.04567307692307692 0.13701923076923078
0 0.1045673076923077 0.7860576923076923 0.07211538461538461 0.07211538461538461
0 0.08653846153846154 0.8257211538461539 0.08653846153846154 0.13942307692307693
0 0.3088942307692308 0.8329326923076923 0.08413461538461539 0.09615384615384616
0 0.16947115384615385 0.8581730769230769 0.052884615384615384 0.125
0 0.36177884615384615 0.8617788461538461 0.08413461538461539 0.09615384615384616
0 0.39663461538461536 0.8894230769230769 0.057692307692307696 0.11538461538461539
0 0.22716346153846154 0.9170673076923077 0.07211538461538461 0.08173076923076923
0 0.08653846153846154 0.9362980769230769 0.07692307692307693 0.12259615384615384
0 0.3425480769230769 0.9675480769230769 0.07932692307692307 0.06009615384615385
0 0.27163461538461536 0.9663461538461539 0.08173076923076923 0.0625
0 0.703125 0.5576923076923077 0.052884615384615384 0.06009615384615385
0 0.47716346153846156 0.5817307692307693 0.040865384615384616 0.07932692307692307
0 0.43990384615384615 0.8473557692307693 0.02403846153846154 0.040865384615384616
0 0.4879807692307692 0.8834134615384616 0.052884615384615384 0.14423076923076922
0 0.5901442307692307 0.9326923076923077 0.06971153846153846 0.0625
0 0.5733173076923077 0.9735576923076923 0.06490384615384616 0.04807692307692308