0 0.265625 0.2403846153846154 0.15625 0.09615384615384616
0 0.18990384615384615 0.45552884615384615 0.0673076923076923 0.06009615384615385
0 0.9675480769230769 0.42908653846153844 0.06009615384615385 0.11298076923076923
0 0.9579326923076923 0.2848557692307692 0.07932692307692307 0.06971153846153846
0 0.8978365384615384 0.28966346153846156 0.09134615384615384 0.06490384615384616
0 0.8197115384615384 0.328125 0.11538461538461539 0.07932692307692307
0 0.8473557692307693 0.19951923076923078 0.10336538461538461 0.06490384615384616
0 0.7596153846153846 0.27403846153846156 0.10336538461538461 0.07692307692307693
0 0.7283653846153846 0.22115384615384615 0.0985576923076923 0.04567307692307692
0 0.671875 0.23918269230769232 0.07932692307692307 0.055288461538461536
0 0.6814903846153846 0.16105769230769232 0.08173076923076923 0.06971153846153846
0 0.6141826923076923 0.18870192307692307 0.0889423076923077 0.07932692307692307
0 0.125 0.8822115384615384 0.25 0.23076923076923078
0 0.2956730769230769 0.9591346153846154 0.17307692307692307 0.07692307692307693