0 0.12259615384615384 0.43028846153846156 0.1875 0.24519230769230768
0 0.6586538461538461 0.3581730769230769 0.038461538461538464 0.057692307692307696
0 0.9939903846153846 0.36778846153846156 0.007211538461538462 0.04807692307692308
0 0.8834134615384616 0.4026442307692308 0.03365384615384615 0.04567307692307692
0 0.9495192307692307 0.40865384615384615 0.02403846153846154 0.05048076923076923
0 0.8209134615384616 0.44591346153846156 0.04807692307692308 0.07692307692307693
0 0.984375 0.4423076923076923 0.028846153846153848 0.0625
0 0.6598557692307693 0.515625 0.040865384615384616 0.06490384615384616
0 0.8161057692307693 0.5252403846153846 0.038461538461538464 0.04567307692307692
0 0.9242788461538461 0.5168269230769231 0.04326923076923077 0.055288461538461536
0 0.9879807692307693 0.5625 0.019230769230769232 0.052884615384615384
0 0.9555288461538461 0.578125 0.02403846153846154 0.04567307692307692
0 0.8317307692307693 0.6634615384615384 0.04807692307692308 0.06490384615384616
0 0.7307692307692307 0.9074519230769231 0.021634615384615384 0.040865384615384616
0 0.9807692307692307 0.9771634615384616 0.03365384615384615 0.040865384615384616