0 0.019230769230769232 0.19230769230769232 0.038461538461538464 0.057692307692307696
0 0.1141826923076923 0.39302884615384615 0.06490384615384616 0.04567307692307692
0 0.13942307692307693 0.30408653846153844 0.07451923076923077 0.04326923076923077
0 0.2860576923076923 0.296875 0.06971153846153846 0.055288461538461536
0 0.30408653846153844 0.15985576923076922 0.06971153846153846 0.04567307692307692
0 0.3112980769230769 0.40865384615384615 0.10336538461538461 0.03365384615384615
0 0.5084134615384616 0.3629807692307692 0.016826923076923076 0.03365384615384615
0 0.515625 0.33533653846153844 0.03125 0.040865384615384616
0 0.5240384615384616 0.4050480769230769 0.04807692307692308 0.040865384615384616
0 0.5180288461538461 0.23798076923076922 0.036057692307692304 0.052884615384615384
0 0.5240384615384616 0.04326923076923077 0.04807692307692308 0.028846153846153848
0 0.5396634615384616 0.2776442307692308 0.06009615384615385 0.04326923076923077
0 0.5408653846153846 0.3329326923076923 0.05048076923076923 0.06490384615384616
0 0.5649038461538461 0.2283653846153846 0.055288461538461536 0.05048076923076923
0 0.5769230769230769 0.15745192307692307 0.10096153846153846 0.038461538461538464
0 0.5793269230769231 0.40625 0.08173076923076923 0.038461538461538464
0 0.5997596153846154 0.27283653846153844 0.07692307692307693 0.038461538461538464
0 0.6057692307692307 0.3137019230769231 0.0889423076923077 0.03365384615384615
0 0.6298076923076923 0.008413461538461538 0.04326923076923077 0.016826923076923076
0 0.6490384615384616 0.05889423076923077 0.07451923076923077 0.02403846153846154
0 0.6526442307692307 0.24639423076923078 0.07451923076923077 0.052884615384615384
0 0.6622596153846154 0.37740384615384615 0.07692307692307693 0.036057692307692304
0 0.6754807692307693 0.21754807692307693 0.07932692307692307 0.04567307692307692
0 0.6694711538461539 0.3473557692307692 0.08413461538461539 0.038461538461538464
0 0.6838942307692307 0.17668269230769232 0.06009615384615385 0.036057692307692304
0 0.703125 0.09014423076923077 0.04567307692307692 0.05048076923076923
0 0.6995192307692307 0.3161057692307692 0.07932692307692307 0.040865384615384616
0 0.703125 0.39663461538461536 0.057692307692307696 0.03125
0 0.7259615384615384 0.27884615384615385 0.057692307692307696 0.036057692307692304
0 0.7463942307692307 0.23557692307692307 0.07451923076923077 0.038461538461538464
0 0.7740384615384616 0.3425480769230769 0.04567307692307692 0.055288461538461536
0 0.796875 0.2668269230769231 0.07932692307692307 0.057692307692307696
0 0.9014423076923077 0.2620192307692308 0.06490384615384616 0.057692307692307696
0 0.9038461538461539 0.30649038461538464 0.125 0.03365384615384615
0 0.7091346153846154 0.6646634615384616 0.30528846153846156 0.25721153846153844
0 0.7524038461538461 0.7872596153846154 0.3173076923076923 0.2091346153846154