0 0.21634615384615385 0.5384615384615384 0.19230769230769232 0.07692307692307693
0 0.2764423076923077 0.4387019230769231 0.057692307692307696 0.057692307692307696
0 0.2536057692307692 0.19110576923076922 0.07932692307692307 0.0889423076923077
0 0.5384615384615384 0.32572115384615385 0.038461538461538464 0.03125
0 0.5456730769230769 0.265625 0.052884615384615384 0.07451923076923077
0 0.5432692307692307 0.11538461538461539 0.04807692307692308 0.04326923076923077
0 0.5516826923076923 0.15504807692307693 0.06490384615384616 0.040865384615384616
0 0.5733173076923077 0.07932692307692307 0.07692307692307693 0.055288461538461536
0 0.6033653846153846 0.20793269230769232 0.07692307692307693 0.038461538461538464
0 0.5913461538461539 0.04807692307692308 0.08173076923076923 0.04807692307692308
0 0.6069711538461539 0.1778846153846154 0.08413461538461539 0.040865384615384616
0 0.59375 0.013221153846153846 0.0625 0.026442307692307692
0 0.6310096153846154 0.14182692307692307 0.07932692307692307 0.04326923076923077
0 0.6478365384615384 0.21995192307692307 0.057692307692307696 0.03365384615384615
0 0.6514423076923077 0.10096153846153846 0.057692307692307696 0.038461538461538464
0 0.6646634615384616 0.054086538461538464 0.07451923076923077 0.040865384615384616
0 0.7079326923076923 0.15625 0.04807692307692308 0.057692307692307696
0 0.7199519230769231 0.078125 0.08173076923076923 0.06009615384615385
0 0.8221153846153846 0.057692307692307696 0.0673076923076923 0.0625
0 0.8317307692307693 0.09975961538461539 0.125 0.038461538461538464
0 0.1141826923076923 0.7584134615384616 0.2283653846153846 0.23798076923076922
0 0.36778846153846156 0.8497596153846154 0.2980769230769231 0.2956730769230769
0 0.40384615384615385 0.7163461538461539 0.22596153846153846 0.27403846153846156
0 0.5360576923076923 0.9435096153846154 0.03365384615384615 0.04567307692307692
0 0.5384615384615384 0.6141826923076923 0.038461538461538464 0.06971153846153846
0 0.5432692307692307 0.8485576923076923 0.04807692307692308 0.04326923076923077
0 0.5600961538461539 0.5913461538461539 0.08173076923076923 0.02403846153846154
0 0.5805288461538461 0.7019230769230769 0.0889423076923077 0.057692307692307696
0 0.6009615384615384 0.8137019230769231 0.08173076923076923 0.06490384615384616
0 0.6153846153846154 0.859375 0.0889423076923077 0.04326923076923077
0 0.6490384615384616 0.9627403846153846 0.08173076923076923 0.06971153846153846
0 0.6995192307692307 0.9026442307692307 0.06971153846153846 0.05048076923076923
0 0.7247596153846154 0.8353365384615384 0.0889423076923077 0.0673076923076923
0 0.7175480769230769 0.6899038461538461 0.11538461538461539 0.04807692307692308
0 0.7115384615384616 0.59375 0.12980769230769232 0.028846153846153848
0 0.7956730769230769 0.7319711538461539 0.1201923076923077 0.055288461538461536