0 0.056490384615384616 0.36538461538461536 0.11298076923076923 0.2403846153846154
0 0.5360576923076923 0.057692307692307696 0.06009615384615385 0.0985576923076923
0 0.8100961538461539 0.16105769230769232 0.0625 0.0625
0 0.9230769230769231 0.26322115384615385 0.0625 0.07932692307692307
0 0.84375 0.2920673076923077 0.05048076923076923 0.08173076923076923
0 0.6658653846153846 0.4495192307692308 0.057692307692307696 0.07211538461538461
0 0.2644230769230769 0.7596153846153846 0.02403846153846154 0.08653846153846154
0 0.16947115384615385 0.7800480769230769 0.04567307692307692 0.09615384615384616
0 0.6586538461538461 0.7043269230769231 0.4375 0.4326923076923077
0 0.8064903846153846 0.9206730769230769 0.3004807692307692 0.15384615384615385
0 0.515625 0.9338942307692307 0.31009615384615385 0.12740384615384615