0 0.16466346153846154 0.453125 0.3245192307692308 0.06490384615384616
0 0.7391826923076923 0.4098557692307692 0.44471153846153844 0.15144230769230768
0 0.3088942307692308 0.7271634615384616 0.036057692307692304 0.026442307692307692
0 0.3016826923076923 0.6959134615384616 0.05048076923076923 0.03125
0 0.2956730769230769 0.6514423076923077 0.0625 0.02403846153846154
0 0.2956730769230769 0.6658653846153846 0.06009615384615385 0.03365384615384615
0 0.2692307692307692 0.734375 0.04567307692307692 0.028846153846153848
0 0.25 0.6850961538461539 0.040865384615384616 0.026442307692307692
0 0.24519230769230768 0.6298076923076923 0.06009615384615385 0.028846153846153848
0 0.2439903846153846 0.6514423076923077 0.04326923076923077 0.036057692307692304
0 0.21995192307692307 0.703125 0.055288461538461536 0.038461538461538464
0 0.21394230769230768 0.6045673076923077 0.040865384615384616 0.019230769230769232
0 0.1814903846153846 0.6658653846153846 0.040865384615384616 0.021634615384615384
0 0.16826923076923078 0.6213942307692307 0.057692307692307696 0.028846153846153848
0 0.11057692307692307 0.6598557692307693 0.03125 0.04326923076923077
0 0.09495192307692307 0.6117788461538461 0.05048076923076923 0.026442307692307692
0 0.08653846153846154 0.6586538461538461 0.036057692307692304 0.036057692307692304
0 0.8185096153846154 0.9915865384615384 0.0889423076923077 0.01201923076923077
0 0.6850961538461539 0.875 0.10336538461538461 0.06971153846153846