0 0.7079326923076923 0.3449519230769231 0.43990384615384615 0.43028846153846156
0 0.12379807692307693 0.9014423076923077 0.08653846153846154 0.06971153846153846
0 0.33052884615384615 0.7668269230769231 0.07692307692307693 0.0625
0 0.3161057692307692 0.9086538461538461 0.09134615384615384 0.08653846153846154
0 0.4567307692307692 0.7944711538461539 0.040865384615384616 0.036057692307692304
0 0.47596153846153844 0.8449519230769231 0.019230769230769232 0.06490384615384616
0 0.07692307692307693 0.625 0.09615384615384616 0.03365384615384615
0 0.5360576923076923 0.6189903846153846 0.04326923076923077 0.021634615384615384
0 0.59375 0.6165865384615384 0.038461538461538464 0.016826923076923076
0 0.5673076923076923 0.7271634615384616 0.04567307692307692 0.021634615384615384
0 0.5649038461538461 0.8774038461538461 0.038461538461538464 0.028846153846153848
0 0.625 0.9134615384615384 0.028846153846153848 0.028846153846153848
0 0.6358173076923077 0.9411057692307693 0.040865384615384616 0.026442307692307692
0 0.7536057692307693 0.7019230769230769 0.05048076923076923 0.026442307692307692
0 0.8293269230769231 0.6286057692307693 0.038461538461538464 0.026442307692307692
0 0.8533653846153846 0.6742788461538461 0.04326923076923077 0.02403846153846154
0 0.8762019230769231 0.6165865384615384 0.036057692307692304 0.016826923076923076
0 0.8365384615384616 0.8173076923076923 0.038461538461538464 0.026442307692307692
0 0.9086538461538461 0.6165865384615384 0.04326923076923077 0.016826923076923076
0 0.8762019230769231 0.7439903846153846 0.036057692307692304 0.021634615384615384
0 0.8497596153846154 0.8605769230769231 0.038461538461538464 0.036057692307692304
0 0.9026442307692307 0.7007211538461539 0.038461538461538464 0.026442307692307692
0 0.9146634615384616 0.6694711538461539 0.03125 0.021634615384615384
0 0.9146634615384616 0.7572115384615384 0.038461538461538464 0.028846153846153848
0 0.9615384615384616 0.6346153846153846 0.021634615384615384 0.02403846153846154
0 0.9423076923076923 0.7716346153846154 0.038461538461538464 0.026442307692307692
0 0.9471153846153846 0.7512019230769231 0.040865384615384616 0.028846153846153848
0 0.9675480769230769 0.6802884615384616 0.028846153846153848 0.02403846153846154
0 0.9411057692307693 0.7980769230769231 0.028846153846153848 0.028846153846153848
0 0.9699519230769231 0.7079326923076923 0.036057692307692304 0.026442307692307692
0 0.9759615384615384 0.7295673076923077 0.03365384615384615 0.028846153846153848
0 0.9879807692307693 0.6959134615384616 0.019230769230769232 0.026442307692307692
0 0.9867788461538461 0.7836538461538461 0.021634615384615384 0.03365384615384615
0 0.9783653846153846 0.8930288461538461 0.038461538461538464 0.036057692307692304
0 0.9927884615384616 0.7632211538461539 0.009615384615384616 0.03125