0 0.5949519230769231 0.3762019230769231 0.09375 0.04567307692307692
0 0.6358173076923077 0.05048076923076923 0.10336538461538461 0.04326923076923077
0 0.6262019230769231 0.2091346153846154 0.12740384615384615 0.04326923076923077
0 0.6394230769230769 0.3076923076923077 0.08173076923076923 0.0625
0 0.7319711538461539 0.13581730769230768 0.11298076923076923 0.040865384615384616
0 0.7283653846153846 0.27403846153846156 0.10817307692307693 0.055288461538461536
0 0.9146634615384616 0.4230769230769231 0.10096153846153846 0.052884615384615384
0 0.9591346153846154 0.22115384615384615 0.07692307692307693 0.0673076923076923
0 0.40024038461538464 0.18629807692307693 0.021634615384615384 0.07451923076923077
0 0.17307692307692307 0.5853365384615384 0.34615384615384615 0.25240384615384615
0 0.4206730769230769 0.734375 0.0625 0.08413461538461539
0 0.42427884615384615 0.7932692307692307 0.06971153846153846 0.052884615384615384
0 0.4423076923076923 0.5588942307692307 0.10576923076923077 0.10817307692307693
0 0.41346153846153844 0.6850961538461539 0.04807692307692308 0.04326923076923077
0 0.41466346153846156 0.9278846153846154 0.05048076923076923 0.10096153846153846
0 0.4387019230769231 0.8701923076923077 0.0985576923076923 0.0625
0 0.4639423076923077 0.6394230769230769 0.11298076923076923 0.06490384615384616
0 0.46875 0.9699519230769231 0.15865384615384615 0.055288461538461536
0 0.5360576923076923 0.6382211538461539 0.11778846153846154 0.08173076923076923
0 0.53125 0.7067307692307693 0.14423076923076922 0.07211538461538461
0 0.5324519230769231 0.9146634615384616 0.14423076923076922 0.07451923076923077
0 0.5685096153846154 0.5528846153846154 0.11057692307692307 0.10576923076923077
0 0.5709134615384616 0.8088942307692307 0.13942307692307693 0.06971153846153846
0 0.6286057692307693 0.6526442307692307 0.07451923076923077 0.09615384615384616
0 0.6322115384615384 0.9158653846153846 0.125 0.10576923076923077
0 0.6682692307692307 0.7127403846153846 0.10336538461538461 0.10336538461538461
0 0.6610576923076923 0.8629807692307693 0.08173076923076923 0.07932692307692307
0 0.6730769230769231 0.9627403846153846 0.18269230769230768 0.06971153846153846
0 0.7019230769230769 0.8197115384615384 0.10096153846153846 0.07692307692307693
0 0.7512019230769231 0.7824519230769231 0.09375 0.08413461538461539
0 0.7764423076923077 0.8581730769230769 0.13942307692307693 0.07932692307692307
0 0.8004807692307693 0.9362980769230769 0.18269230769230768 0.125