0 0.3293269230769231 0.09615384615384616 0.019230769230769232 0.03365384615384615
0 0.09495192307692307 0.25600961538461536 0.028846153846153848 0.052884615384615384
0 0.8317307692307693 0.14543269230769232 0.09134615384615384 0.12740384615384615
0 0.6057692307692307 0.15144230769230768 0.1346153846153846 0.30288461538461536
0 0.7980769230769231 0.2620192307692308 0.10576923076923077 0.14903846153846154
0 0.9471153846153846 0.3449519230769231 0.038461538461538464 0.01201923076923077
0 0.7908653846153846 0.34975961538461536 0.038461538461538464 0.021634615384615384
0 0.9194711538461539 0.3545673076923077 0.04567307692307692 0.03125
0 0.9807692307692307 0.36899038461538464 0.03125 0.04326923076923077
0 0.8413461538461539 0.3701923076923077 0.03365384615384615 0.0625
0 0.6165865384615384 0.36899038461538464 0.02403846153846154 0.055288461538461536
0 0.7163461538461539 0.375 0.04326923076923077 0.052884615384615384
0 0.6418269230769231 0.3762019230769231 0.03125 0.0625
0 0.9375 0.4026442307692308 0.036057692307692304 0.04326923076923077
0 0.9783653846153846 0.41586538461538464 0.021634615384615384 0.057692307692307696
0 0.9915865384615384 0.421875 0.01201923076923077 0.06490384615384616
0 0.5925480769230769 0.41346153846153844 0.03125 0.052884615384615384
0 0.7007211538461539 0.453125 0.040865384615384616 0.052884615384615384
0 0.8641826923076923 0.46033653846153844 0.040865384615384616 0.07211538461538461
0 0.5480769230769231 0.45552884615384615 0.019230769230769232 0.06971153846153846
0 0.578125 0.46875 0.03365384615384615 0.05048076923076923
0 0.7716346153846154 0.484375 0.03125 0.055288461538461536
0 0.6394230769230769 0.48197115384615385 0.028846153846153848 0.040865384615384616
0 0.7367788461538461 0.5072115384615384 0.03365384615384615 0.057692307692307696
0 0.6935096153846154 0.5096153846153846 0.040865384615384616 0.06490384615384616
0 0.5516826923076923 0.5108173076923077 0.026442307692307692 0.040865384615384616
0 0.8233173076923077 0.5216346153846154 0.028846153846153848 0.03365384615384615
0 0.9146634615384616 0.5288461538461539 0.02403846153846154 0.052884615384615384
0 0.7884615384615384 0.5240384615384616 0.03125 0.03365384615384615
0 0.8677884615384616 0.5300480769230769 0.02403846153846154 0.04807692307692308
0 0.9639423076923077 0.5600961538461539 0.021634615384615384 0.057692307692307696
0 0.7524038461538461 0.5649038461538461 0.02403846153846154 0.03125
0 0.5829326923076923 0.5612980769230769 0.03365384615384615 0.05048076923076923
0 0.7788461538461539 0.5685096153846154 0.026442307692307692 0.038461538461538464
0 0.8353365384615384 0.5721153846153846 0.026442307692307692 0.04326923076923077
0 0.9290865384615384 0.6033653846153846 0.03365384615384615 0.04326923076923077
0 0.8810096153846154 0.6057692307692307 0.03125 0.055288461538461536
0 0.9543269230769231 0.6274038461538461 0.021634615384615384 0.057692307692307696
0 0.5913461538461539 0.6971153846153846 0.040865384615384616 0.055288461538461536
0 0.8269230769230769 0.7103365384615384 0.02403846153846154 0.057692307692307696
0 0.8257211538461539 0.7824519230769231 0.028846153846153848 0.04807692307692308
0 0.7355769230769231 0.8028846153846154 0.03365384615384615 0.057692307692307696