0 0.359375 0.02403846153846154 0.055288461538461536 0.04807692307692308
0 0.02283653846153846 0.036057692307692304 0.04567307692307692 0.07211538461538461
0 0.20552884615384615 0.03365384615384615 0.04567307692307692 0.0673076923076923
0 0.0625 0.07451923076923077 0.04326923076923077 0.11298076923076923
0 0.41586538461538464 0.078125 0.019230769230769232 0.14182692307692307
0 0.3389423076923077 0.10336538461538461 0.0625 0.10336538461538461
0 0.4014423076923077 0.3918269230769231 0.04326923076923077 0.0625
0 0.39783653846153844 0.47475961538461536 0.055288461538461536 0.12740384615384615
0 0.39783653846153844 0.47596153846153844 0.055288461538461536 0.1201923076923077
0 0.03365384615384615 0.9783653846153846 0.052884615384615384 0.038461538461538464
0 0.14543269230769232 0.9747596153846154 0.12259615384615384 0.04567307692307692
0 0.6346153846153846 0.8954326923076923 0.09134615384615384 0.20432692307692307