0 0.5973557692307693 0.3293269230769231 0.016826923076923076 0.0673076923076923
0 0.5889423076923077 0.16346153846153846 0.03365384615384615 0.057692307692307696
0 0.5564903846153846 0.20673076923076922 0.0985576923076923 0.0673076923076923
0 0.5444711538461539 0.36177884615384615 0.04567307692307692 0.038461538461538464
0 0.5432692307692307 0.2776442307692308 0.11538461538461539 0.07692307692307693
0 0.5456730769230769 0.04326923076923077 0.1201923076923077 0.08653846153846154
0 0.49038461538461536 0.24519230769230768 0.15144230769230768 0.052884615384615384
0 0.46875 0.1045673076923077 0.13942307692307693 0.07451923076923077
0 0.4567307692307692 0.03485576923076923 0.10576923076923077 0.06971153846153846
0 0.4362980769230769 0.203125 0.14182692307692307 0.055288461538461536
0 0.39302884615384615 0.38341346153846156 0.06971153846153846 0.04567307692307692
0 0.3798076923076923 0.33533653846153844 0.15144230769230768 0.05048076923076923
0 0.3557692307692308 0.2800480769230769 0.15144230769230768 0.055288461538461536
0 0.359375 0.15384615384615385 0.14182692307692307 0.06971153846153846
0 0.3641826923076923 0.0829326923076923 0.12980769230769232 0.07692307692307693
0 0.21754807692307693 0.3545673076923077 0.10096153846153846 0.09375
0 0.20673076923076922 0.265625 0.1466346153846154 0.09375
0 0.21754807692307693 0.13701923076923078 0.16826923076923078 0.0673076923076923
0 0.21634615384615385 0.037259615384615384 0.18269230769230768 0.07451923076923077
0 0.15745192307692307 0.19110576923076922 0.14903846153846154 0.07932692307692307
0 0.7836538461538461 0.18389423076923078 0.06971153846153846 0.0625
0 0.5108173076923077 0.9447115384615384 0.10336538461538461 0.10576923076923077
0 0.5060096153846154 0.5576923076923077 0.19471153846153846 0.11778846153846154
0 0.48677884615384615 0.4411057692307692 0.14182692307692307 0.06490384615384616
0 0.4387019230769231 0.8293269230769231 0.08413461538461539 0.06971153846153846
0 0.40865384615384615 0.7331730769230769 0.14182692307692307 0.12259615384615384
0 0.38100961538461536 0.6310096153846154 0.12740384615384615 0.10336538461538461
0 0.3605769230769231 0.8509615384615384 0.11057692307692307 0.11057692307692307
0 0.3161057692307692 0.4338942307692308 0.09375 0.05048076923076923
0 0.296875 0.5576923076923077 0.16826923076923078 0.08413461538461539