0 0.5072115384615384 0.020432692307692308 0.019230769230769232 0.040865384615384616
0 0.4879807692307692 0.057692307692307696 0.052884615384615384 0.03125
0 0.5024038461538461 0.10817307692307693 0.03125 0.03125
0 0.47475961538461536 0.037259615384615384 0.04567307692307692 0.028846153846153848
0 0.46153846153846156 0.010817307692307692 0.052884615384615384 0.021634615384615384
0 0.48677884615384615 0.15865384615384615 0.06009615384615385 0.03365384615384615
0 0.47836538461538464 0.17908653846153846 0.04567307692307692 0.02403846153846154
0 0.4543269230769231 0.10096153846153846 0.04807692307692308 0.03125
0 0.4098557692307692 0.013221153846153846 0.04567307692307692 0.026442307692307692
0 0.41225961538461536 0.06490384615384616 0.0625 0.038461538461538464
0 0.4411057692307692 0.20192307692307693 0.06009615384615385 0.038461538461538464
0 0.3581730769230769 0.010817307692307692 0.0625 0.021634615384615384
0 0.4050480769230769 0.17908653846153846 0.0625 0.038461538461538464
0 0.35216346153846156 0.03245192307692308 0.052884615384615384 0.038461538461538464
0 0.3605769230769231 0.10576923076923077 0.055288461538461536 0.04326923076923077
0 0.3557692307692308 0.14182692307692307 0.07692307692307693 0.040865384615384616
0 0.375 0.21995192307692307 0.05048076923076923 0.03125
0 0.35216346153846156 0.17067307692307693 0.052884615384615384 0.03125
0 0.31490384615384615 0.04927884615384615 0.040865384615384616 0.040865384615384616
0 0.3473557692307692 0.1971153846153846 0.04567307692307692 0.036057692307692304
0 0.3112980769230769 0.0829326923076923 0.055288461538461536 0.028846153846153848
0 0.3545673076923077 0.26802884615384615 0.06009615384615385 0.016826923076923076
0 0.31850961538461536 0.2403846153846154 0.05048076923076923 0.03125
0 0.2824519230769231 0.1346153846153846 0.04326923076923077 0.028846153846153848
0 0.28966346153846156 0.2127403846153846 0.04807692307692308 0.05048076923076923
0 0.25841346153846156 0.25 0.07932692307692307 0.04326923076923077
0 0.22596153846153846 0.16105769230769232 0.07692307692307693 0.040865384615384616
0 0.22235576923076922 0.1971153846153846 0.08653846153846154 0.04807692307692308
0 0.2091346153846154 0.26802884615384615 0.08173076923076923 0.016826923076923076
0 0.1814903846153846 0.2403846153846154 0.07451923076923077 0.04567307692307692
0 0.14783653846153846 0.27163461538461536 0.055288461538461536 0.009615384615384616
0 0.8413461538461539 0.140625 0.3125 0.27163461538461536
0 0.052884615384615384 0.9603365384615384 0.10576923076923077 0.07451923076923077
0 0.8641826923076923 0.6586538461538461 0.2668269230769231 0.22115384615384615
0 0.7223557692307693 0.43028846153846156 0.34134615384615385 0.23557692307692307
0 0.6418269230769231 0.6646634615384616 0.24519230769230768 0.15625
0 0.6394230769230769 0.9651442307692307 0.2403846153846154 0.06490384615384616