0 0.5612980769230769 0.007211538461538462 0.036057692307692304 0.014423076923076924
0 0.39663461538461536 0.010817307692307692 0.038461538461538464 0.021634615384615384
0 0.47475961538461536 0.06129807692307692 0.026442307692307692 0.040865384615384616
0 0.39302884615384615 0.06971153846153846 0.05048076923076923 0.06009615384615385
0 0.3137019230769231 0.06850961538461539 0.026442307692307692 0.04567307692307692
0 0.1875 0.08533653846153846 0.03125 0.04567307692307692
0 0.25240384615384615 0.10216346153846154 0.021634615384615384 0.05048076923076923
0 0.45072115384615385 0.13822115384615385 0.021634615384615384 0.036057692307692304
0 0.1201923076923077 0.11778846153846154 0.04567307692307692 0.07692307692307693
0 0.28125 0.13942307692307693 0.028846153846153848 0.0625
0 0.37740384615384615 0.1778846153846154 0.02403846153846154 0.036057692307692304
0 0.10216346153846154 0.19591346153846154 0.036057692307692304 0.04567307692307692
0 0.21033653846153846 0.203125 0.040865384615384616 0.055288461538461536
0 0.27163461538461536 0.25 0.028846153846153848 0.03365384615384615
0 0.23317307692307693 0.25721153846153844 0.02403846153846154 0.019230769230769232
0 0.9927884615384616 0.25240384615384615 0.009615384615384616 0.03365384615384615
0 0.8942307692307693 0.25961538461538464 0.03365384615384615 0.014423076923076924
0 0.48677884615384615 0.8774038461538461 0.05048076923076923 0.11778846153846154
0 0.8846153846153846 0.359375 0.05048076923076923 0.06009615384615385
0 0.7764423076923077 0.5709134615384616 0.05048076923076923 0.07451923076923077
0 0.8473557692307693 0.6153846153846154 0.07451923076923077 0.09134615384615384
0 0.8810096153846154 0.7451923076923077 0.038461538461538464 0.08653846153846154
0 0.7536057692307693 0.7439903846153846 0.052884615384615384 0.06971153846153846
0 0.9867788461538461 0.3557692307692308 0.021634615384615384 0.09134615384615384