0 0.47596153846153844 0.056490384615384616 0.0625 0.11298076923076923
0 0.43990384615384615 0.14783653846153846 0.052884615384615384 0.0673076923076923
0 0.45072115384615385 0.2283653846153846 0.07692307692307693 0.13221153846153846
0 0.4543269230769231 0.23317307692307693 0.08173076923076923 0.12980769230769232
0 0.6983173076923077 0.057692307692307696 0.13701923076923078 0.11538461538461539
0 0.5997596153846154 0.036057692307692304 0.12740384615384615 0.07211538461538461
0 0.8137019230769231 0.11778846153846154 0.12259615384615384 0.18509615384615385
0 0.5480769230769231 0.17427884615384615 0.038461538461538464 0.18509615384615385
0 0.6682692307692307 0.25240384615384615 0.12259615384615384 0.24278846153846154
0 0.9567307692307693 0.2980769230769231 0.08173076923076923 0.16826923076923078
0 0.8425480769230769 0.359375 0.12980769230769232 0.2403846153846154
0 0.9375 0.4387019230769231 0.1201923076923077 0.09375
0 0.39903846153846156 0.8858173076923077 0.09134615384615384 0.125