0 0.02283653846153846 0.052884615384615384 0.04567307692307692 0.07211538461538461
0 0.04567307692307692 0.25721153846153844 0.09134615384615384 0.038461538461538464
0 0.07451923076923077 0.2127403846153846 0.10817307692307693 0.036057692307692304
0 0.08774038461538461 0.171875 0.12259615384615384 0.040865384615384616
0 0.16346153846153846 0.125 0.0889423076923077 0.07211538461538461
0 0.20552884615384615 0.030048076923076924 0.12259615384615384 0.04567307692307692
0 0.23798076923076922 0.14182692307692307 0.09615384615384616 0.04326923076923077
0 0.36177884615384615 0.1045673076923077 0.11778846153846154 0.040865384615384616
0 0.4230769230769231 0.07091346153846154 0.08653846153846154 0.055288461538461536
0 0.4266826923076923 0.020432692307692308 0.12740384615384615 0.040865384615384616
0 0.5036057692307693 0.0733173076923077 0.0889423076923077 0.07692307692307693
0 0.9411057692307693 0.35336538461538464 0.11298076923076923 0.09615384615384616
0 0.7524038461538461 0.8377403846153846 0.13942307692307693 0.0985576923076923