0 0.41947115384615385 0.042067307692307696 0.028846153846153848 0.052884615384615384
0 0.39783653846153844 0.056490384615384616 0.026442307692307692 0.06971153846153846
0 0.37740384615384615 0.08533653846153846 0.021634615384615384 0.052884615384615384
0 0.46033653846153844 0.09975961538461539 0.028846153846153848 0.07932692307692307
0 0.5024038461538461 0.1466346153846154 0.021634615384615384 0.05048076923076923
0 0.48197115384615385 0.1935096153846154 0.036057692307692304 0.05048076923076923
0 0.3786057692307692 0.21754807692307693 0.028846153846153848 0.03125
0 0.4543269230769231 0.2127403846153846 0.03365384615384615 0.06971153846153846
0 0.28125 0.27524038461538464 0.036057692307692304 0.06971153846153846
0 0.42788461538461536 0.26802884615384615 0.02403846153846154 0.04326923076923077
0 0.40865384615384615 0.2824519230769231 0.026442307692307692 0.052884615384615384
0 0.2536057692307692 0.31009615384615385 0.021634615384615384 0.06009615384615385
0 0.45552884615384615 0.2848557692307692 0.02403846153846154 0.055288461538461536
0 0.5024038461538461 0.28846153846153844 0.028846153846153848 0.057692307692307696
0 0.3557692307692308 0.31490384615384615 0.03125 0.04567307692307692
0 0.3581730769230769 0.35336538461538464 0.038461538461538464 0.038461538461538464
0 0.49158653846153844 0.3401442307692308 0.028846153846153848 0.040865384615384616
0 0.41346153846153844 0.35096153846153844 0.026442307692307692 0.055288461538461536
0 0.2548076923076923 0.4026442307692308 0.026442307692307692 0.05048076923076923
0 0.4519230769230769 0.38221153846153844 0.03365384615384615 0.038461538461538464
0 0.35216346153846156 0.4050480769230769 0.04807692307692308 0.04807692307692308
0 0.49759615384615385 0.39783653846153844 0.028846153846153848 0.06490384615384616
0 0.4795673076923077 0.41947115384615385 0.03125 0.04567307692307692
0 0.4050480769230769 0.48197115384615385 0.040865384615384616 0.038461538461538464
0 0.47716346153846156 0.48197115384615385 0.038461538461538464 0.04807692307692308
0 0.30528846153846156 0.4963942307692308 0.038461538461538464 0.021634615384615384
0 0.8473557692307693 0.30408653846153844 0.23798076923076922 0.40625
0 0.625 0.640625 0.21153846153846154 0.2620192307692308
0 0.96875 0.5997596153846154 0.057692307692307696 0.18028846153846154
0 0.546875 0.7103365384615384 0.055288461538461536 0.39663461538461536