0 0.6730769230769231 0.1201923076923077 0.0673076923076923 0.2403846153846154
0 0.7824519230769231 0.2920673076923077 0.25 0.32211538461538464
0 0.5757211538461539 0.6742788461538461 0.021634615384615384 0.03365384615384615
0 0.5516826923076923 0.7055288461538461 0.016826923076923076 0.03125
0 0.49278846153846156 0.7536057692307693 0.02403846153846154 0.038461538461538464
0 0.6009615384615384 0.7788461538461539 0.021634615384615384 0.03125
0 0.6274038461538461 0.7800480769230769 0.019230769230769232 0.05048076923076923
0 0.4423076923076923 0.7848557692307693 0.014423076923076924 0.040865384615384616
0 0.20192307692307693 0.7860576923076923 0.021634615384615384 0.04807692307692308
0 0.4206730769230769 0.796875 0.014423076923076924 0.038461538461538464
0 0.5492788461538461 0.8125 0.01201923076923077 0.04326923076923077
0 0.5877403846153846 0.8173076923076923 0.019230769230769232 0.03365384615384615
0 0.5108173076923077 0.8197115384615384 0.014423076923076924 0.03365384615384615
0 0.5733173076923077 0.8221153846153846 0.016826923076923076 0.03125
0 0.43028846153846156 0.8449519230769231 0.014423076923076924 0.03125
0 0.4074519230769231 0.8509615384615384 0.016826923076923076 0.02403846153846154
0 0.6129807692307693 0.875 0.014423076923076924 0.038461538461538464
0 0.43990384615384615 0.8774038461538461 0.01201923076923077 0.03365384615384615
0 0.41225961538461536 0.8846153846153846 0.014423076923076924 0.038461538461538464
0 0.37740384615384615 0.8978365384615384 0.028846153846153848 0.040865384615384616
0 0.5360576923076923 0.9146634615384616 0.014423076923076924 0.04807692307692308
0 0.45072115384615385 0.9170673076923077 0.019230769230769232 0.03125
0 0.609375 0.9375 0.028846153846153848 0.03365384615384615
0 0.49759615384615385 0.9567307692307693 0.014423076923076924 0.038461538461538464
0 0.47596153846153844 0.9603365384615384 0.014423076923076924 0.038461538461538464
0 0.4423076923076923 0.96875 0.014423076923076924 0.03365384615384615
0 0.6322115384615384 0.9747596153846154 0.009615384615384616 0.040865384615384616
0 0.5817307692307693 0.9747596153846154 0.019230769230769232 0.040865384615384616
0 0.5492788461538461 0.9831730769230769 0.021634615384615384 0.028846153846153848
0 0.46033653846153844 0.9879807692307693 0.016826923076923076 0.019230769230769232
0 0.40625 0.9927884615384616 0.014423076923076924 0.009615384615384616
0 0.44711538461538464 0.9927884615384616 0.014423076923076924 0.009615384615384616
0 0.38822115384615385 0.9903846153846154 0.016826923076923076 0.014423076923076924
0 0.47596153846153844 0.9927884615384616 0.019230769230769232 0.009615384615384616
0 0.6586538461538461 0.7668269230769231 0.038461538461538464 0.09134615384615384