0 0.25841346153846156 0.016826923076923076 0.06490384615384616 0.03365384615384615
0 0.11658653846153846 0.038461538461538464 0.0889423076923077 0.07692307692307693
0 0.18509615384615385 0.042067307692307696 0.0673076923076923 0.08413461538461539
0 0.22115384615384615 0.039663461538461536 0.0673076923076923 0.07932692307692307
0 0.07211538461538461 0.08173076923076923 0.07451923076923077 0.10576923076923077
0 0.02403846153846154 0.11538461538461539 0.04807692307692308 0.14903846153846154
0 0.042067307692307696 0.11658653846153846 0.0625 0.11538461538461539
0 0.15625 0.11298076923076923 0.10096153846153846 0.12259615384615384
0 0.10216346153846154 0.16466346153846154 0.09375 0.08653846153846154
0 0.2548076923076923 0.13581730769230768 0.09615384615384616 0.12740384615384615
0 0.421875 0.12860576923076922 0.06971153846153846 0.13701923076923078
0 0.010817307692307692 0.24519230769230768 0.021634615384615384 0.09615384615384616
0 0.16706730769230768 0.2127403846153846 0.10096153846153846 0.13942307692307693
0 0.052884615384615384 0.2548076923076923 0.08653846153846154 0.11778846153846154
0 0.3425480769230769 0.20552884615384615 0.05048076923076923 0.06009615384615385
0 0.2403846153846154 0.23317307692307693 0.11057692307692307 0.16105769230769232
0 0.15745192307692307 0.2692307692307692 0.06971153846153846 0.12259615384615384
0 0.328125 0.25600961538461536 0.09134615384615384 0.0889423076923077
0 0.042067307692307696 0.3798076923076923 0.08413461538461539 0.16826923076923078
0 0.19951923076923078 0.35216346153846156 0.0889423076923077 0.10576923076923077
0 0.11538461538461539 0.3786057692307692 0.11057692307692307 0.11298076923076923
0 0.25841346153846156 0.3701923076923077 0.08413461538461539 0.15865384615384615
0 0.018028846153846152 0.4362980769230769 0.036057692307692304 0.14182692307692307
0 0.18990384615384615 0.40384615384615385 0.0889423076923077 0.08413461538461539
0 0.13341346153846154 0.4675480769230769 0.10817307692307693 0.07932692307692307
0 0.3798076923076923 0.4567307692307692 0.08173076923076923 0.10096153846153846
0 0.037259615384615384 0.027644230769230768 0.07451923076923077 0.055288461538461536
0 0.6971153846153846 0.12740384615384615 0.1875 0.19230769230769232
0 0.671875 0.9314903846153846 0.11778846153846154 0.13221153846153846