0 0.5108173076923077 0.14783653846153846 0.06490384615384616 0.12740384615384615
0 0.6009615384615384 0.39302884615384615 0.0625 0.07932692307692307
0 0.3858173076923077 0.06490384615384616 0.055288461538461536 0.11538461538461539
0 0.13341346153846154 0.7692307692307693 0.11057692307692307 0.19230769230769232
0 0.025240384615384616 0.8088942307692307 0.05048076923076923 0.14182692307692307
0 0.2932692307692308 0.8413461538461539 0.0673076923076923 0.13942307692307693
0 0.22355769230769232 0.8846153846153846 0.10096153846153846 0.125
0 0.030048076923076924 0.9651442307692307 0.06009615384615385 0.06490384615384616
0 0.16346153846153846 0.9459134615384616 0.08173076923076923 0.10336538461538461
0 0.6947115384615384 0.5 0.05048076923076923 0.057692307692307696
0 0.9002403846153846 0.5096153846153846 0.057692307692307696 0.052884615384615384
0 0.6237980769230769 0.5264423076923077 0.0625 0.06490384615384616
0 0.9555288461538461 0.5084134615384616 0.038461538461538464 0.09375
0 0.9735576923076923 0.53125 0.03365384615384615 0.0889423076923077
0 0.40384615384615385 0.5793269230769231 0.04326923076923077 0.08413461538461539
0 0.4362980769230769 0.5805288461538461 0.028846153846153848 0.08173076923076923
0 0.9927884615384616 0.5793269230769231 0.009615384615384616 0.052884615384615384
0 0.9170673076923077 0.5853365384615384 0.03125 0.052884615384615384
0 0.8762019230769231 0.5925480769230769 0.03125 0.05048076923076923
0 0.4807692307692308 0.6346153846153846 0.038461538461538464 0.07451923076923077
0 0.953125 0.6310096153846154 0.06490384615384616 0.04567307692307692
0 0.359375 0.6646634615384616 0.038461538461538464 0.04567307692307692
0 0.5685096153846154 0.6574519230769231 0.02403846153846154 0.052884615384615384
0 0.953125 0.6959134615384616 0.06009615384615385 0.06009615384615385
0 0.8737980769230769 0.6995192307692307 0.0625 0.09375
0 0.9146634615384616 0.7668269230769231 0.036057692307692304 0.04567307692307692
0 0.9771634615384616 0.7680288461538461 0.04326923076923077 0.10576923076923077
0 0.9903846153846154 0.7740384615384616 0.014423076923076924 0.052884615384615384
0 0.8413461538461539 0.8293269230769231 0.03365384615384615 0.055288461538461536
0 0.9278846153846154 0.875 0.052884615384615384 0.08413461538461539
0 0.8389423076923077 0.8858173076923077 0.04567307692307692 0.05048076923076923
0 0.9891826923076923 0.8858173076923077 0.016826923076923076 0.0889423076923077
0 0.9903846153846154 0.9387019230769231 0.014423076923076924 0.055288461538461536
0 0.9290865384615384 0.9735576923076923 0.03125 0.040865384615384616
0 0.8016826923076923 0.9783653846153846 0.06009615384615385 0.038461538461538464