0 0.5240384615384616 0.4483173076923077 0.05048076923076923 0.036057692307692304
0 0.5204326923076923 0.2824519230769231 0.05048076923076923 0.038461538461538464
0 0.4519230769230769 0.3605769230769231 0.040865384615384616 0.026442307692307692
0 0.44471153846153844 0.27884615384615385 0.0625 0.05048076923076923
0 0.44711538461538464 0.19951923076923078 0.04567307692307692 0.028846153846153848
0 0.4326923076923077 0.0733173076923077 0.04567307692307692 0.03365384615384615
0 0.41466346153846156 0.13822115384615385 0.05048076923076923 0.02403846153846154
0 0.375 0.33533653846153844 0.036057692307692304 0.021634615384615384
0 0.4026442307692308 0.015625 0.07932692307692307 0.03125
0 0.3762019230769231 0.1658653846153846 0.0625 0.028846153846153848
0 0.33653846153846156 0.2608173076923077 0.036057692307692304 0.02403846153846154
0 0.3137019230769231 0.09375 0.055288461538461536 0.04326923076923077
0 0.25841346153846156 0.15384615384615385 0.05048076923076923 0.028846153846153848
0 0.24639423076923078 0.1141826923076923 0.04567307692307692 0.02403846153846154
0 0.2247596153846154 0.171875 0.040865384615384616 0.016826923076923076
0 0.17427884615384615 0.2644230769230769 0.038461538461538464 0.016826923076923076
0 0.1310096153846154 0.16947115384615385 0.06009615384615385 0.028846153846153848
0 0.004807692307692308 0.31009615384615385 0.009615384615384616 0.02403846153846154
0 0.8822115384615384 0.22235576923076922 0.23076923076923078 0.21875
0 0.8088942307692307 0.06610576923076923 0.3581730769230769 0.13221153846153846
0 0.484375 0.9471153846153846 0.24278846153846154 0.10096153846153846
0 0.9110576923076923 0.6586538461538461 0.17307692307692307 0.21634615384615385
0 0.7896634615384616 0.8269230769230769 0.18990384615384615 0.15384615384615385
0 0.7355769230769231 0.8882211538461539 0.2548076923076923 0.21875