0 0.15264423076923078 0.18389423076923078 0.06490384615384616 0.055288461538461536
0 0.17548076923076922 0.26322115384615385 0.06971153846153846 0.052884615384615384
0 0.11298076923076923 0.014423076923076924 0.0625 0.028846153846153848
0 0.21033653846153846 0.36538461538461536 0.06009615384615385 0.02403846153846154
0 0.21754807692307693 0.3269230769230769 0.07211538461538461 0.040865384615384616
0 0.1658653846153846 0.078125 0.0625 0.040865384615384616
0 0.16706730769230768 0.037259615384615384 0.06490384615384616 0.04567307692307692
0 0.25961538461538464 0.3605769230769231 0.04807692307692308 0.03365384615384615
0 0.21875 0.18509615384615385 0.0673076923076923 0.04807692307692308
0 0.203125 0.055288461538461536 0.04326923076923077 0.05048076923076923
0 0.20552884615384615 0.006009615384615385 0.05048076923076923 0.01201923076923077
0 0.23798076923076922 0.12740384615384615 0.07451923076923077 0.04567307692307692
0 0.30408653846153844 0.3401442307692308 0.057692307692307696 0.03365384615384615
0 0.2824519230769231 0.24278846153846154 0.057692307692307696 0.052884615384615384
0 0.30408653846153844 0.3137019230769231 0.0673076923076923 0.04326923076923077
0 0.24879807692307693 0.021634615384615384 0.05048076923076923 0.04326923076923077
0 0.3545673076923077 0.35096153846153844 0.057692307692307696 0.040865384615384616
0 0.36177884615384615 0.23677884615384615 0.057692307692307696 0.05048076923076923
0 0.3245192307692308 0.07692307692307693 0.07692307692307693 0.055288461538461536
0 0.3942307692307692 0.34975961538461536 0.02403846153846154 0.04567307692307692
0 0.37259615384615385 0.15985576923076922 0.06009615384615385 0.040865384615384616
0 0.3942307692307692 0.28846153846153844 0.02403846153846154 0.038461538461538464
0 0.3894230769230769 0.18629807692307693 0.03365384615384615 0.04567307692307692
0 0.3942307692307692 0.22716346153846154 0.02403846153846154 0.055288461538461536
0 0.390625 0.10096153846153846 0.03125 0.038461538461538464
0 0.3762019230769231 0.014423076923076924 0.06009615384615385 0.028846153846153848
0 0.3954326923076923 0.13341346153846154 0.021634615384615384 0.040865384615384616
0 0.38461538461538464 0.054086538461538464 0.04326923076923077 0.036057692307692304
0 0.6129807692307693 0.14423076923076922 0.40865384615384615 0.28846153846153844
0 0.6225961538461539 0.18990384615384615 0.42788461538461536 0.375
0 0.703125 0.328125 0.5889423076923077 0.0985576923076923
0 0.9146634615384616 0.20072115384615385 0.1658653846153846 0.24759615384615385
0 0.12139423076923077 0.5709134615384616 0.24278846153846154 0.18990384615384615
0 0.19110576923076922 0.7560096153846154 0.28365384615384615 0.28125
0 0.17908653846153846 0.6694711538461539 0.20432692307692307 0.18990384615384615
0 0.3004807692307692 0.9098557692307693 0.21153846153846154 0.17548076923076922
0 0.22956730769230768 0.4375 0.28125 0.11538461538461539
0 0.28365384615384615 0.6189903846153846 0.24519230769230768 0.2091346153846154
0 0.765625 0.4579326923076923 0.10817307692307693 0.10336538461538461
0 0.8713942307692307 0.6442307692307693 0.14903846153846154 0.12259615384615384