0 0.027644230769230768 0.13701923076923078 0.052884615384615384 0.036057692307692304
0 0.03245192307692308 0.3581730769230769 0.06490384615384616 0.04326923076923077
0 0.04447115384615385 0.15865384615384615 0.04567307692307692 0.040865384615384616
0 0.056490384615384616 0.4206730769230769 0.052884615384615384 0.03125
0 0.078125 0.38341346153846156 0.055288461538461536 0.040865384615384616
0 0.6730769230769231 0.43990384615384615 0.18509615384615385 0.11538461538461539
0 0.7007211538461539 0.5264423076923077 0.12740384615384615 0.0625
0 0.75 0.3245192307692308 0.055288461538461536 0.055288461538461536
0 0.7632211538461539 0.07572115384615384 0.07451923076923077 0.08413461538461539
0 0.07572115384615384 0.6081730769230769 0.15144230769230768 0.07692307692307693
0 0.23918269230769232 0.7560096153846154 0.11298076923076923 0.2091346153846154
0 0.25721153846153844 0.8966346153846154 0.07692307692307693 0.1778846153846154
0 0.4831730769230769 0.9711538461538461 0.1201923076923077 0.052884615384615384
0 0.49399038461538464 0.8629807692307693 0.1466346153846154 0.125
0 0.5192307692307693 0.7247596153846154 0.0985576923076923 0.06971153846153846
0 0.5841346153846154 0.6081730769230769 0.09615384615384616 0.07692307692307693
0 0.6057692307692307 0.6935096153846154 0.11538461538461539 0.07692307692307693