0 0.019230769230769232 0.1502403846153846 0.038461538461538464 0.06009615384615385
0 0.028846153846153848 0.09495192307692307 0.057692307692307696 0.05048076923076923
0 0.1141826923076923 0.06370192307692307 0.10096153846153846 0.057692307692307696
0 0.0985576923076923 0.16947115384615385 0.0889423076923077 0.055288461538461536
0 0.12379807692307693 0.10817307692307693 0.07451923076923077 0.052884615384615384
0 0.15504807692307693 0.15625 0.08173076923076923 0.06009615384615385
0 0.3557692307692308 0.08173076923076923 0.08653846153846154 0.055288461538461536
0 0.21033653846153846 0.6069711538461539 0.4206730769230769 0.19471153846153846
0 0.21153846153846154 0.7860576923076923 0.4230769230769231 0.4230769230769231
0 0.21754807692307693 0.90625 0.43509615384615385 0.18269230769230768
0 0.9495192307692307 0.7055288461538461 0.08653846153846154 0.10576923076923077