0 0.24639423076923078 0.018028846153846152 0.06490384615384616 0.036057692307692304
0 0.2932692307692308 0.015625 0.0625 0.03125
0 0.23197115384615385 0.037259615384615384 0.06971153846153846 0.07451923076923077
0 0.40024038461538464 0.013221153846153846 0.07451923076923077 0.026442307692307692
0 0.45072115384615385 0.06370192307692307 0.06971153846153846 0.07451923076923077
0 0.3641826923076923 0.08774038461538461 0.07451923076923077 0.0889423076923077
0 0.3329326923076923 0.13822115384615385 0.07211538461538461 0.08173076923076923
0 0.2668269230769231 0.15985576923076922 0.09134615384615384 0.10576923076923077
0 0.4723557692307692 0.13341346153846154 0.040865384615384616 0.055288461538461536
0 0.4050480769230769 0.15384615384615385 0.04567307692307692 0.06490384615384616
0 0.4807692307692308 0.19110576923076922 0.03365384615384615 0.06009615384615385
0 0.2536057692307692 0.27884615384615385 0.11057692307692307 0.15384615384615385
0 0.35216346153846156 0.27283653846153844 0.08173076923076923 0.10817307692307693
0 0.39663461538461536 0.26802884615384615 0.06971153846153846 0.12980769230769232
0 0.46033653846153844 0.3088942307692308 0.07451923076923077 0.13701923076923078
0 0.40865384615384615 0.38822115384615385 0.08173076923076923 0.08653846153846154
0 0.8377403846153846 0.06370192307692307 0.2091346153846154 0.12740384615384615
0 0.7524038461538461 0.15384615384615385 0.2403846153846154 0.3076923076923077
0 0.6730769230769231 0.1346153846153846 0.15865384615384615 0.22355769230769232
0 0.6694711538461539 0.3557692307692308 0.23798076923076922 0.20192307692307693
0 0.90625 0.3329326923076923 0.18269230769230768 0.24759615384615385
0 0.7860576923076923 0.3737980769230769 0.23076923076923078 0.1658653846153846
0 0.47836538461538464 0.8052884615384616 0.038461538461538464 0.11057692307692307
0 0.32211538461538464 0.90625 0.1201923076923077 0.1466346153846154
0 0.9182692307692307 0.6814903846153846 0.10096153846153846 0.1658653846153846
0 0.8233173076923077 0.7283653846153846 0.24519230769230768 0.3004807692307692
0 0.6646634615384616 0.8557692307692307 0.16346153846153846 0.23076923076923078
0 0.7548076923076923 0.8533653846153846 0.25961538461538464 0.28846153846153844