0 0.4026442307692308 0.27884615384615385 0.04567307692307692 0.0673076923076923
0 0.40384615384615385 0.3557692307692308 0.04807692307692308 0.08173076923076923
0 0.41466346153846156 0.1778846153846154 0.06971153846153846 0.04807692307692308
0 0.4098557692307692 0.4411057692307692 0.06009615384615385 0.07932692307692307
0 0.4074519230769231 0.007211538461538462 0.055288461538461536 0.014423076923076924
0 0.4387019230769231 0.038461538461538464 0.11778846153846154 0.04326923076923077
0 0.4543269230769231 0.09134615384615384 0.14903846153846154 0.04807692307692308
0 0.46033653846153844 0.21754807692307693 0.13701923076923078 0.06009615384615385
0 0.46274038461538464 0.28846153846153844 0.125 0.06971153846153846
0 0.5096153846153846 0.40024038461538464 0.14182692307692307 0.08653846153846154
0 0.5588942307692307 0.4543269230769231 0.21394230769230768 0.07692307692307693
0 0.5805288461538461 0.025240384615384616 0.0985576923076923 0.05048076923076923
0 0.6009615384615384 0.09134615384615384 0.14182692307692307 0.08413461538461539
0 0.6033653846153846 0.21995192307692307 0.16346153846153846 0.055288461538461536
0 0.6165865384615384 0.3389423076923077 0.17548076923076922 0.09615384615384616
0 0.6574519230769231 0.15985576923076922 0.14423076923076922 0.06971153846153846
0 0.14182692307692307 0.7956730769230769 0.17548076923076922 0.12740384615384615
0 0.4050480769230769 0.7860576923076923 0.05048076923076923 0.02403846153846154
0 0.41466346153846156 0.8076923076923077 0.0673076923076923 0.016826923076923076
0 0.43509615384615385 0.6298076923076923 0.052884615384615384 0.019230769230769232
0 0.4411057692307692 0.8305288461538461 0.05048076923076923 0.014423076923076924
0 0.4651442307692308 0.7512019230769231 0.07692307692307693 0.021634615384615384
0 0.48677884615384615 0.6382211538461539 0.04326923076923077 0.02403846153846154
0 0.49038461538461536 0.6646634615384616 0.055288461538461536 0.03125
0 0.5168269230769231 0.7151442307692307 0.04807692307692308 0.014423076923076924
0 0.5168269230769231 0.6189903846153846 0.04807692307692308 0.019230769230769232
0 0.5612980769230769 0.7415865384615384 0.04807692307692308 0.028846153846153848
0 0.5721153846153846 0.8461538461538461 0.028846153846153848 0.02403846153846154
0 0.5697115384615384 0.5420673076923077 0.057692307692307696 0.01201923076923077
0 0.5757211538461539 0.7704326923076923 0.0673076923076923 0.02403846153846154
0 0.5877403846153846 0.6899038461538461 0.028846153846153848 0.02403846153846154
0 0.6021634615384616 0.6658653846153846 0.028846153846153848 0.028846153846153848
0 0.6177884615384616 0.9507211538461539 0.0673076923076923 0.026442307692307692
0 0.6153846153846154 0.6971153846153846 0.028846153846153848 0.02403846153846154
0 0.6274038461538461 0.8040865384615384 0.040865384615384616 0.019230769230769232
0 0.640625 0.8245192307692307 0.05048076923076923 0.019230769230769232
0 0.6490384615384616 0.9807692307692307 0.057692307692307696 0.014423076923076924
0 0.6478365384615384 0.7776442307692307 0.052884615384615384 0.016826923076923076
0 0.65625 0.7283653846153846 0.052884615384615384 0.026442307692307692
0 0.6658653846153846 0.8810096153846154 0.04326923076923077 0.026442307692307692
0 0.6694711538461539 0.5384615384615384 0.0673076923076923 0.019230769230769232
0 0.6838942307692307 0.6550480769230769 0.05048076923076923 0.021634615384615384
0 0.6911057692307693 0.6947115384615384 0.05048076923076923 0.019230769230769232
0 0.7043269230769231 0.8822115384615384 0.03365384615384615 0.03365384615384615
0 0.7079326923076923 0.7487980769230769 0.038461538461538464 0.02403846153846154
0 0.7091346153846154 0.8269230769230769 0.052884615384615384 0.019230769230769232
0 0.7151442307692307 0.6057692307692307 0.040865384615384616 0.03365384615384615
0 0.7295673076923077 0.7055288461538461 0.038461538461538464 0.02403846153846154
0 0.7415865384615384 0.9891826923076923 0.05048076923076923 0.016826923076923076
0 0.7439903846153846 0.7932692307692307 0.03365384615384615 0.028846153846153848
0 0.7463942307692307 0.65625 0.04807692307692308 0.03365384615384615
0 0.7487980769230769 0.5576923076923077 0.04807692307692308 0.028846153846153848
0 0.7548076923076923 0.8954326923076923 0.04326923076923077 0.04326923076923077
0 0.765625 0.7512019230769231 0.0625 0.019230769230769232
0 0.765625 0.6165865384615384 0.04807692307692308 0.038461538461538464
0 0.7740384615384616 0.5793269230769231 0.0625 0.016826923076923076
0 0.7848557692307693 0.7704326923076923 0.04326923076923077 0.026442307692307692
0 0.7872596153846154 0.6935096153846154 0.040865384615384616 0.028846153846153848
0 0.828125 0.6646634615384616 0.05048076923076923 0.019230769230769232
0 0.828125 0.6117788461538461 0.026442307692307692 0.02403846153846154
0 0.8377403846153846 0.8533653846153846 0.03365384615384615 0.036057692307692304
0 0.8377403846153846 0.6862980769230769 0.04326923076923077 0.019230769230769232
0 0.8413461538461539 0.7271634615384616 0.04326923076923077 0.03365384615384615
0 0.8461538461538461 0.7800480769230769 0.04326923076923077 0.03365384615384615
0 0.8545673076923077 0.9555288461538461 0.04807692307692308 0.028846153846153848
0 0.8521634615384616 0.5673076923076923 0.06009615384615385 0.016826923076923076
0 0.8713942307692307 0.9206730769230769 0.04326923076923077 0.03125
0 0.8737980769230769 0.9879807692307693 0.04567307692307692 0.019230769230769232
0 0.8677884615384616 0.5492788461538461 0.04326923076923077 0.014423076923076924
0 0.8725961538461539 0.6310096153846154 0.04326923076923077 0.021634615384615384
0 0.8942307692307693 0.7307692307692307 0.038461538461538464 0.019230769230769232
0 0.8990384615384616 0.8425480769230769 0.04807692307692308 0.02403846153846154
0 0.9050480769230769 0.6766826923076923 0.057692307692307696 0.02403846153846154
0 0.9158653846153846 0.8713942307692307 0.06490384615384616 0.016826923076923076
0 0.9098557692307693 0.5348557692307693 0.055288461538461536 0.02403846153846154
0 0.9423076923076923 0.7512019230769231 0.055288461538461536 0.02403846153846154
0 0.9387019230769231 0.5661057692307693 0.057692307692307696 0.02403846153846154
0 0.9555288461538461 0.828125 0.04326923076923077 0.02403846153846154
0 0.9543269230769231 0.7223557692307693 0.04807692307692308 0.026442307692307692
0 0.9639423076923077 0.6490384615384616 0.04807692307692308 0.03125
0 0.9795673076923077 0.9423076923076923 0.036057692307692304 0.038461538461538464
0 0.9699519230769231 0.6153846153846154 0.055288461538461536 0.028846153846153848
0 0.9759615384615384 0.5348557692307693 0.04326923076923077 0.021634615384615384
0 0.9795673076923077 0.5877403846153846 0.036057692307692304 0.021634615384615384
0 0.9831730769230769 0.9903846153846154 0.028846153846153848 0.014423076923076924
0 0.9879807692307693 0.7151442307692307 0.019230769230769232 0.036057692307692304
0 0.9879807692307693 0.5625 0.019230769230769232 0.028846153846153848
0 0.9891826923076923 0.6826923076923077 0.016826923076923076 0.019230769230769232