0 0.3701923076923077 0.109375 0.0889423076923077 0.1658653846153846
0 0.4338942307692308 0.13221153846153846 0.08413461538461539 0.21153846153846154
0 0.28125 0.11057692307692307 0.09375 0.16346153846153846
0 0.16105769230769232 0.2764423076923077 0.11057692307692307 0.20192307692307693
0 0.09495192307692307 0.28966346153846156 0.13221153846153846 0.17548076923076922
0 0.027644230769230768 0.3233173076923077 0.055288461538461536 0.10817307692307693
0 0.6862980769230769 0.1875 0.1201923076923077 0.1658653846153846
0 0.9435096153846154 0.23317307692307693 0.10817307692307693 0.28846153846153844
0 0.9110576923076923 0.2704326923076923 0.10336538461538461 0.14903846153846154
0 0.8052884615384616 0.28725961538461536 0.20192307692307693 0.18028846153846154
0 0.5961538461538461 0.3269230769230769 0.07211538461538461 0.10096153846153846
0 0.7427884615384616 0.3449519230769231 0.1346153846153846 0.06490384615384616
0 0.42788461538461536 0.4326923076923077 0.09615384615384616 0.10576923076923077
0 0.9639423076923077 0.8581730769230769 0.0673076923076923 0.27884615384615385
0 0.7163461538461539 0.9110576923076923 0.11778846153846154 0.13221153846153846