0 0.359375 0.5324519230769231 0.0985576923076923 0.026442307692307692
0 0.8978365384615384 0.9615384615384616 0.038461538461538464 0.02403846153846154
0 0.8653846153846154 0.9110576923076923 0.040865384615384616 0.014423076923076924
0 0.859375 0.6706730769230769 0.04807692307692308 0.021634615384615384
0 0.8533653846153846 0.8894230769230769 0.038461538461538464 0.014423076923076924
0 0.8317307692307693 0.9807692307692307 0.03365384615384615 0.014423076923076924
0 0.8052884615384616 0.9002403846153846 0.03125 0.014423076923076924
0 0.7980769230769231 0.8774038461538461 0.02403846153846154 0.016826923076923076
0 0.7728365384615384 0.9110576923076923 0.03365384615384615 0.01201923076923077
0 0.765625 0.8834134615384616 0.038461538461538464 0.014423076923076924
0 0.7512019230769231 0.8485576923076923 0.040865384615384616 0.028846153846153848
0 0.7331730769230769 0.921875 0.03125 0.019230769230769232
0 0.6947115384615384 0.9699519230769231 0.038461538461538464 0.014423076923076924
0 0.6899038461538461 0.9483173076923077 0.038461538461538464 0.014423076923076924
0 0.6814903846153846 0.9146634615384616 0.03365384615384615 0.014423076923076924
0 0.6550480769230769 0.9326923076923077 0.03125 0.014423076923076924
0 0.6466346153846154 0.8786057692307693 0.028846153846153848 0.01201923076923077
0 0.6442307692307693 0.9194711538461539 0.03365384615384615 0.01201923076923077
0 0.6442307692307693 0.8605769230769231 0.04326923076923077 0.014423076923076924
0 0.6370192307692307 0.9483173076923077 0.04807692307692308 0.016826923076923076
0 0.6274038461538461 0.9663461538461539 0.04326923076923077 0.014423076923076924
0 0.6033653846153846 0.9411057692307693 0.026442307692307692 0.02403846153846154
0 0.5901442307692307 0.875 0.028846153846153848 0.019230769230769232
0 0.578125 0.890625 0.038461538461538464 0.02403846153846154
0 0.5697115384615384 0.9831730769230769 0.040865384615384616 0.014423076923076924
0 0.5528846153846154 0.8557692307692307 0.038461538461538464 0.014423076923076924
0 0.5180288461538461 0.984375 0.04326923076923077 0.014423076923076924
0 0.5180288461538461 0.9302884615384616 0.038461538461538464 0.028846153846153848
0 0.4723557692307692 0.9627403846153846 0.04326923076923077 0.02403846153846154
0 0.44711538461538464 0.9399038461538461 0.038461538461538464 0.019230769230769232