0 0.010817307692307692 0.38341346153846156 0.021634615384615384 0.07451923076923077
0 0.026442307692307692 0.20432692307692307 0.052884615384615384 0.0625
0 0.040865384615384616 0.09014423076923077 0.08173076923076923 0.04567307692307692
0 0.027644230769230768 0.3112980769230769 0.055288461538461536 0.055288461538461536
0 0.04326923076923077 0.057692307692307696 0.08413461538461539 0.028846153846153848
0 0.07451923076923077 0.26802884615384615 0.09134615384615384 0.06490384615384616
0 0.10336538461538461 0.020432692307692308 0.07451923076923077 0.038461538461538464
0 0.11778846153846154 0.14543269230769232 0.04567307692307692 0.038461538461538464
0 0.47475961538461536 0.2776442307692308 0.13221153846153846 0.21875
0 0.7151442307692307 0.12740384615384615 0.31009615384615385 0.2548076923076923
0 0.12139423076923077 0.6959134615384616 0.24278846153846154 0.31009615384615385
0 0.5 0.7403846153846154 0.16105769230769232 0.11057692307692307
0 0.5673076923076923 0.49038461538461536 0.3173076923076923 0.0625
0 0.5673076923076923 0.5108173076923077 0.14423076923076922 0.09375
0 0.6117788461538461 0.6141826923076923 0.2091346153846154 0.1875
0 0.6742788461538461 0.8197115384615384 0.15625 0.057692307692307696
0 0.7115384615384616 0.6682692307692307 0.17307692307692307 0.12259615384615384
0 0.8016826923076923 0.7295673076923077 0.21875 0.07211538461538461
0 0.9519230769230769 0.7668269230769231 0.09134615384615384 0.0625