0 0.11778846153846154 0.008413461538461538 0.0673076923076923 0.016826923076923076
0 0.38100961538461536 0.009615384615384616 0.04567307692307692 0.019230769230769232
0 0.29927884615384615 0.01201923076923077 0.040865384615384616 0.02403846153846154
0 0.33774038461538464 0.02403846153846154 0.05048076923076923 0.04807692307692308
0 0.18870192307692307 0.039663461538461536 0.06009615384615385 0.07932692307692307
0 0.5012019230769231 0.03365384615384615 0.06009615384615385 0.0673076923076923
0 0.015625 0.06129807692307692 0.03125 0.11778846153846154
0 0.10216346153846154 0.057692307692307696 0.04326923076923077 0.0889423076923077
0 0.23076923076923078 0.051682692307692304 0.05048076923076923 0.05048076923076923
0 0.40865384615384615 0.055288461538461536 0.03365384615384615 0.09375
0 0.25961538461538464 0.0889423076923077 0.06009615384615385 0.052884615384615384
0 0.43509615384615385 0.08413461538461539 0.052884615384615384 0.07692307692307693
0 0.1935096153846154 0.11057692307692307 0.0673076923076923 0.07932692307692307
0 0.3449519230769231 0.11177884615384616 0.06009615384615385 0.05048076923076923
0 0.46875 0.15264423076923078 0.052884615384615384 0.11298076923076923
0 0.06610576923076923 0.17307692307692307 0.08173076923076923 0.09134615384615384
0 0.32091346153846156 0.1622596153846154 0.04567307692307692 0.06009615384615385
0 0.40024038461538464 0.1622596153846154 0.052884615384615384 0.07451923076923077
0 0.25600961538461536 0.20432692307692307 0.04807692307692308 0.08413461538461539
0 0.20432692307692307 0.22355769230769232 0.03365384615384615 0.07211538461538461
0 0.2283653846153846 0.22716346153846154 0.03365384615384615 0.0889423076923077
0 0.05889423076923077 0.23798076923076922 0.07451923076923077 0.055288461538461536
0 0.3076923076923077 0.23317307692307693 0.052884615384615384 0.10576923076923077
0 0.40865384615384615 0.23557692307692307 0.06009615384615385 0.07451923076923077
0 0.1814903846153846 0.25961538461538464 0.038461538461538464 0.06009615384615385
0 0.09735576923076923 0.26802884615384615 0.06971153846153846 0.05048076923076923
0 0.2692307692307692 0.27524038461538464 0.057692307692307696 0.08413461538461539
0 0.039663461538461536 0.2980769230769231 0.04567307692307692 0.057692307692307696
0 0.42427884615384615 0.28725961538461536 0.055288461538461536 0.055288461538461536
0 0.33774038461538464 0.296875 0.036057692307692304 0.055288461538461536
0 0.18509615384615385 0.30528846153846156 0.0673076923076923 0.04326923076923077
0 0.3713942307692308 0.2860576923076923 0.04567307692307692 0.08173076923076923
0 0.11899038461538461 0.30528846153846156 0.055288461538461536 0.04326923076923077
0 0.7199519230769231 0.014423076923076924 0.040865384615384616 0.028846153846153848
0 0.8040865384615384 0.028846153846153848 0.04567307692307692 0.057692307692307696
0 0.6754807692307693 0.042067307692307696 0.014423076923076924 0.08413461538461539
0 0.71875 0.0673076923076923 0.04807692307692308 0.08413461538461539
0 0.7463942307692307 0.08052884615384616 0.038461538461538464 0.09134615384615384
0 0.9675480769230769 0.09254807692307693 0.036057692307692304 0.06009615384615385
0 0.6814903846153846 0.140625 0.026442307692307692 0.07932692307692307
0 0.7728365384615384 0.14903846153846154 0.05048076923076923 0.04567307692307692
0 0.96875 0.13942307692307693 0.026442307692307692 0.04807692307692308
0 0.7367788461538461 0.1814903846153846 0.04326923076923077 0.06009615384615385
0 0.6923076923076923 0.18990384615384615 0.04807692307692308 0.052884615384615384
0 0.7884615384615384 0.20192307692307693 0.05048076923076923 0.055288461538461536
0 0.859375 0.20673076923076922 0.038461538461538464 0.10096153846153846
0 0.7463942307692307 0.24158653846153846 0.038461538461538464 0.07692307692307693
0 0.7079326923076923 0.2512019230769231 0.03365384615384615 0.0889423076923077
0 0.9651442307692307 0.2668269230769231 0.02403846153846154 0.07451923076923077
0 0.7788461538461539 0.29086538461538464 0.052884615384615384 0.07451923076923077
0 0.8100961538461539 0.2980769230769231 0.04807692307692308 0.057692307692307696
0 0.6850961538461539 0.3016826923076923 0.03365384615384615 0.05048076923076923
0 0.8533653846153846 0.30528846153846156 0.038461538461538464 0.04326923076923077
0 0.9399038461538461 0.31490384615384615 0.052884615384615384 0.02403846153846154
0 0.7163461538461539 0.31490384615384615 0.04326923076923077 0.02403846153846154
0 0.40625 0.4182692307692308 0.09134615384615384 0.1778846153846154
0 0.3485576923076923 0.45072115384615385 0.11057692307692307 0.24278846153846154
0 0.24639423076923078 0.45913461538461536 0.11538461538461539 0.11057692307692307
0 0.07932692307692307 0.4987980769230769 0.13221153846153846 0.11778846153846154
0 0.03365384615384615 0.5997596153846154 0.0673076923076923 0.25240384615384615
0 0.4483173076923077 0.5913461538461539 0.10576923076923077 0.1778846153846154
0 0.1141826923076923 0.6105769230769231 0.14423076923076922 0.17067307692307693
0 0.6574519230769231 0.6490384615384616 0.016826923076923076 0.11538461538461539
0 0.28846153846153844 0.7091346153846154 0.0985576923076923 0.23798076923076922
0 0.07932692307692307 0.7992788461538461 0.15865384615384615 0.15144230769230768
0 0.5949519230769231 0.7848557692307693 0.11298076923076923 0.15625
0 0.45072115384615385 0.8341346153846154 0.10817307692307693 0.23317307692307693
0 0.5540865384615384 0.9411057692307693 0.15144230769230768 0.11298076923076923
0 0.8004807692307693 0.38461538461538464 0.08173076923076923 0.11057692307692307