0 0.1045673076923077 0.019230769230769232 0.026442307692307692 0.038461538461538464
0 0.038461538461538464 0.052884615384615384 0.036057692307692304 0.04326923076923077
0 0.004807692307692308 0.08653846153846154 0.009615384615384616 0.052884615384615384
0 0.0889423076923077 0.08413461538461539 0.03125 0.05048076923076923
0 0.19110576923076922 0.08052884615384616 0.04326923076923077 0.0673076923076923
0 0.03125 0.10336538461538461 0.040865384615384616 0.05048076923076923
0 0.0673076923076923 0.11057692307692307 0.021634615384615384 0.0625
0 0.038461538461538464 0.1658653846153846 0.026442307692307692 0.028846153846153848
0 0.2283653846153846 0.15384615384615385 0.04326923076923077 0.06009615384615385
0 0.265625 0.15504807692307693 0.036057692307692304 0.040865384615384616
0 0.08413461538461539 0.1875 0.021634615384615384 0.06009615384615385
0 0.10336538461538461 0.20192307692307693 0.016826923076923076 0.04326923076923077
0 0.021634615384615384 0.21153846153846154 0.02403846153846154 0.04567307692307692
0 0.11899038461538461 0.24278846153846154 0.028846153846153848 0.057692307692307696
0 0.09014423076923077 0.27403846153846156 0.028846153846153848 0.06009615384615385
0 0.013221153846153846 0.30528846153846156 0.026442307692307692 0.052884615384615384
0 0.04326923076923077 0.3161057692307692 0.028846153846153848 0.07451923076923077
0 0.12379807692307693 0.3112980769230769 0.021634615384615384 0.05048076923076923
0 0.07091346153846154 0.3245192307692308 0.021634615384615384 0.052884615384615384
0 0.09615384615384616 0.33413461538461536 0.028846153846153848 0.04326923076923077
0 0.17668269230769232 0.34375 0.028846153846153848 0.055288461538461536
0 0.13221153846153846 0.3713942307692308 0.021634615384615384 0.05048076923076923
0 0.021634615384615384 0.3858173076923077 0.021634615384615384 0.040865384615384616
0 0.10096153846153846 0.3942307692307692 0.04326923076923077 0.040865384615384616
0 0.1310096153846154 0.43149038461538464 0.028846153846153848 0.07692307692307693
0 0.038461538461538464 0.44591346153846156 0.028846153846153848 0.07451923076923077
0 0.07211538461538461 0.4567307692307692 0.03365384615384615 0.08413461538461539
0 0.15625 0.4879807692307692 0.038461538461538464 0.07451923076923077
0 0.10697115384615384 0.5060096153846154 0.03365384615384615 0.07211538461538461
0 0.21875 0.5348557692307693 0.028846153846153848 0.055288461538461536
0 0.14543269230769232 0.546875 0.026442307692307692 0.05048076923076923
0 0.31850961538461536 0.6502403846153846 0.040865384615384616 0.040865384615384616
0 0.22716346153846154 0.6574519230769231 0.05048076923076923 0.055288461538461536
0 0.04927884615384615 0.7043269230769231 0.05048076923076923 0.14903846153846154
0 0.6826923076923077 0.8137019230769231 0.6298076923076923 0.36778846153846156