0 0.2920673076923077 0.027644230769230768 0.06971153846153846 0.055288461538461536
0 0.23918269230769232 0.040865384615384616 0.04567307692307692 0.08173076923076923
0 0.27524038461538464 0.039663461538461536 0.04567307692307692 0.06971153846153846
0 0.21394230769230768 0.08653846153846154 0.04807692307692308 0.04807692307692308
0 0.2692307692307692 0.11057692307692307 0.0625 0.07932692307692307
0 0.21514423076923078 0.14903846153846154 0.07692307692307693 0.0889423076923077
0 0.3088942307692308 0.5024038461538461 0.03125 0.028846153846153848
0 0.1875 0.4987980769230769 0.019230769230769232 0.021634615384615384
0 0.038461538461538464 0.5048076923076923 0.028846153846153848 0.03365384615384615
0 0.01201923076923077 0.5673076923076923 0.02403846153846154 0.028846153846153848
0 0.23317307692307693 0.6682692307692307 0.019230769230769232 0.05048076923076923
0 0.3161057692307692 0.734375 0.02403846153846154 0.036057692307692304
0 0.27403846153846156 0.7644230769230769 0.019230769230769232 0.04326923076923077
0 0.3401442307692308 0.7788461538461539 0.021634615384615384 0.03125
0 0.12980769230769232 0.7644230769230769 0.02403846153846154 0.036057692307692304
0 0.3449519230769231 0.8112980769230769 0.021634615384615384 0.040865384615384616
0 0.20793269230769232 0.7944711538461539 0.019230769230769232 0.036057692307692304
0 0.0889423076923077 0.7824519230769231 0.03125 0.03365384615384615
0 0.2536057692307692 0.8161057692307693 0.02403846153846154 0.036057692307692304
0 0.2860576923076923 0.8233173076923077 0.016826923076923076 0.03125
0 0.19831730769230768 0.8353365384615384 0.026442307692307692 0.036057692307692304
0 0.32572115384615385 0.8665865384615384 0.02403846153846154 0.019230769230769232
0 0.3713942307692308 0.8858173076923077 0.036057692307692304 0.03365384615384615
0 0.1875 0.8641826923076923 0.02403846153846154 0.036057692307692304
0 0.2091346153846154 0.8665865384615384 0.02403846153846154 0.040865384615384616
0 0.2824519230769231 0.8774038461538461 0.021634615384615384 0.026442307692307692
0 0.1622596153846154 0.8665865384615384 0.026442307692307692 0.026442307692307692
0 0.2548076923076923 0.8834134615384616 0.02403846153846154 0.03365384615384615
0 0.234375 0.8918269230769231 0.02403846153846154 0.03125
0 0.2704326923076923 0.9122596153846154 0.019230769230769232 0.040865384615384616
0 0.30408653846153844 0.9242788461538461 0.019230769230769232 0.04567307692307692
0 0.18269230769230768 0.9146634615384616 0.026442307692307692 0.03125
0 0.31971153846153844 0.9350961538461539 0.021634615384615384 0.036057692307692304
0 0.33653846153846156 0.9399038461538461 0.019230769230769232 0.04567307692307692
0 0.07211538461538461 0.9182692307692307 0.028846153846153848 0.04326923076923077
0 0.20432692307692307 0.9350961538461539 0.021634615384615384 0.05048076923076923
0 0.359375 0.9555288461538461 0.02403846153846154 0.040865384615384616
0 0.25 0.9435096153846154 0.026442307692307692 0.03125
0 0.2704326923076923 0.953125 0.019230769230769232 0.036057692307692304
0 0.21995192307692307 0.9543269230769231 0.019230769230769232 0.040865384615384616
0 0.16346153846153846 0.9519230769230769 0.02403846153846154 0.028846153846153848
0 0.2956730769230769 0.9855769230769231 0.028846153846153848 0.02403846153846154
0 0.3894230769230769 0.9927884615384616 0.028846153846153848 0.009615384615384616
0 0.19471153846153846 0.9795673076923077 0.02403846153846154 0.036057692307692304
0 0.32091346153846156 0.9903846153846154 0.026442307692307692 0.014423076923076924
0 0.23677884615384615 0.9867788461538461 0.021634615384615384 0.021634615384615384
0 0.12980769230769232 0.9783653846153846 0.02403846153846154 0.038461538461538464
0 0.171875 0.9879807692307693 0.021634615384615384 0.019230769230769232
0 0.14543269230769232 0.9879807692307693 0.016826923076923076 0.019230769230769232
0 0.43990384615384615 0.7596153846153846 0.02403846153846154 0.0673076923076923
0 0.9375 0.9074519230769231 0.10336538461538461 0.10096153846153846
0 0.8617788461538461 0.953125 0.06971153846153846 0.09134615384615384
0 0.6802884615384616 0.9314903846153846 0.06971153846153846 0.0673076923076923