0 0.08413461538461539 0.16706730769230768 0.040865384615384616 0.019230769230769232
0 0.18629807692307693 0.15745192307692307 0.040865384615384616 0.02403846153846154
0 0.23798076923076922 0.13221153846153846 0.03365384615384615 0.026442307692307692
0 0.2536057692307692 0.2536057692307692 0.04326923076923077 0.016826923076923076
0 0.30288461538461536 0.3954326923076923 0.036057692307692304 0.02403846153846154
0 0.37259615384615385 0.40865384615384615 0.026442307692307692 0.026442307692307692
0 0.3918269230769231 0.43149038461538464 0.040865384615384616 0.021634615384615384
0 0.4206730769230769 0.16706730769230768 0.05048076923076923 0.019230769230769232
0 0.46634615384615385 0.07211538461538461 0.036057692307692304 0.021634615384615384
0 0.5048076923076923 0.10576923076923077 0.04326923076923077 0.019230769230769232
0 0.5048076923076923 0.038461538461538464 0.03125 0.021634615384615384
0 0.5372596153846154 0.24639423076923078 0.036057692307692304 0.021634615384615384
0 0.5348557692307693 0.026442307692307692 0.040865384615384616 0.021634615384615384
0 0.5492788461538461 0.16466346153846154 0.036057692307692304 0.016826923076923076
0 0.5564903846153846 0.28365384615384615 0.021634615384615384 0.03365384615384615
0 0.5540865384615384 0.11538461538461539 0.026442307692307692 0.02403846153846154
0 0.5552884615384616 0.08173076923076923 0.02403846153846154 0.019230769230769232
0 0.7548076923076923 0.3737980769230769 0.3701923076923077 0.18509615384615385
0 0.04807692307692308 0.6899038461538461 0.09615384615384616 0.1201923076923077
0 0.1141826923076923 0.5240384615384616 0.0985576923076923 0.11057692307692307
0 0.4855769230769231 0.7632211538461539 0.13221153846153846 0.07451923076923077
0 0.4807692307692308 0.578125 0.1201923076923077 0.06490384615384616