0 0.5709134615384616 0.06610576923076923 0.03365384615384615 0.05048076923076923
0 0.4963942307692308 0.06971153846153846 0.026442307692307692 0.06490384615384616
0 0.53125 0.08533653846153846 0.05048076923076923 0.04567307692307692
0 0.23677884615384615 0.06129807692307692 0.040865384615384616 0.07451923076923077
0 0.29086538461538464 0.10576923076923077 0.038461538461538464 0.06971153846153846
0 0.11057692307692307 0.1201923076923077 0.052884615384615384 0.0625
0 0.5625 0.17427884615384615 0.03125 0.052884615384615384
0 0.3269230769230769 0.17067307692307693 0.028846153846153848 0.08413461538461539
0 0.35216346153846156 0.18028846153846154 0.028846153846153848 0.055288461538461536
0 0.17668269230769232 0.16706730769230768 0.03365384615384615 0.07211538461538461
0 0.4579326923076923 0.20072115384615385 0.040865384615384616 0.07692307692307693
0 0.22115384615384615 0.18269230769230768 0.04326923076923077 0.07932692307692307
0 0.5709134615384616 0.23677884615384615 0.028846153846153848 0.052884615384615384
0 0.14423076923076922 0.2127403846153846 0.028846153846153848 0.0673076923076923
0 0.2980769230769231 0.2439903846153846 0.04567307692307692 0.07692307692307693
0 0.23557692307692307 0.265625 0.028846153846153848 0.0673076923076923
0 0.33653846153846156 0.2848557692307692 0.03365384615384615 0.06490384615384616
0 0.4639423076923077 0.3016826923076923 0.05048076923076923 0.057692307692307696
0 0.1346153846153846 0.2764423076923077 0.03365384615384615 0.04567307692307692
0 0.16826923076923078 0.29086538461538464 0.03125 0.06971153846153846
0 0.5637019230769231 0.33653846153846156 0.04326923076923077 0.06490384615384616
0 0.3161057692307692 0.3629807692307692 0.0625 0.07932692307692307
0 0.17307692307692307 0.35216346153846156 0.057692307692307696 0.04326923076923077
0 0.5516826923076923 0.3942307692307692 0.036057692307692304 0.0625
0 0.49759615384615385 0.39302884615384615 0.057692307692307696 0.06490384615384616
0 0.45552884615384615 0.4050480769230769 0.040865384615384616 0.040865384615384616
0 0.33413461538461536 0.41586538461538464 0.04326923076923077 0.019230769230769232
0 0.19831730769230768 0.41947115384615385 0.036057692307692304 0.01201923076923077
0 0.875 0.020432692307692308 0.03365384615384615 0.040865384615384616
0 0.7860576923076923 0.018028846153846152 0.0625 0.036057692307692304
0 0.9230769230769231 0.036057692307692304 0.052884615384615384 0.07211538461538461
0 0.9471153846153846 0.04567307692307692 0.040865384615384616 0.09134615384615384
0 0.8401442307692307 0.09134615384615384 0.03365384615384615 0.052884615384615384
0 0.8677884615384616 0.09375 0.040865384615384616 0.07692307692307693
0 0.796875 0.10216346153846154 0.040865384615384616 0.08653846153846154
0 0.9639423076923077 0.11658653846153846 0.05048076923076923 0.04807692307692308
0 0.7403846153846154 0.10817307692307693 0.06490384615384616 0.0889423076923077
0 0.9230769230769231 0.14423076923076922 0.04567307692307692 0.06009615384615385
0 0.8677884615384616 0.14302884615384615 0.0673076923076923 0.052884615384615384
0 0.9711538461538461 0.171875 0.052884615384615384 0.057692307692307696
0 0.71875 0.16826923076923078 0.028846153846153848 0.052884615384615384
0 0.7764423076923077 0.17908653846153846 0.07211538461538461 0.08173076923076923
0 0.9254807692307693 0.20432692307692307 0.040865384615384616 0.07692307692307693
0 0.8846153846153846 0.2091346153846154 0.036057692307692304 0.0889423076923077
0 0.9507211538461539 0.25721153846153844 0.055288461538461536 0.07692307692307693
0 0.8185096153846154 0.26322115384615385 0.038461538461538464 0.07692307692307693
0 0.9759615384615384 0.28365384615384615 0.04326923076923077 0.08173076923076923
0 0.8485576923076923 0.27163461538461536 0.040865384615384616 0.08413461538461539
0 0.8798076923076923 0.3016826923076923 0.04326923076923077 0.07932692307692307
0 0.7980769230769231 0.30408653846153844 0.03365384615384615 0.057692307692307696
0 0.9158653846153846 0.33052884615384615 0.038461538461538464 0.057692307692307696
0 0.9579326923076923 0.35216346153846156 0.040865384615384616 0.07451923076923077
0 0.8497596153846154 0.3762019230769231 0.055288461538461536 0.04807692307692308
0 0.9254807692307693 0.39302884615384615 0.0625 0.06490384615384616
0 0.5 0.7704326923076923 0.09134615384615384 0.0985576923076923
0 0.28966346153846156 0.8088942307692307 0.10576923076923077 0.13701923076923078
0 0.7752403846153846 0.8713942307692307 0.23317307692307693 0.25240384615384615