0 0.3701923076923077 0.4110576923076923 0.10576923076923077 0.052884615384615384
0 0.25 0.4266826923076923 0.10096153846153846 0.021634615384615384
0 0.203125 0.3798076923076923 0.08173076923076923 0.06971153846153846
0 0.13701923076923078 0.4026442307692308 0.09134615384615384 0.06971153846153846
0 0.43028846153846156 0.53125 0.014423076923076924 0.052884615384615384
0 0.40384615384615385 0.5865384615384616 0.0673076923076923 0.08653846153846154
0 0.4182692307692308 0.4831730769230769 0.038461538461538464 0.07692307692307693
0 0.32572115384615385 0.9471153846153846 0.12259615384615384 0.09615384615384616
0 0.36177884615384615 0.8016826923076923 0.07932692307692307 0.05048076923076923
0 0.37740384615384615 0.7355769230769231 0.10576923076923077 0.11298076923076923
0 0.38461538461538464 0.5264423076923077 0.10576923076923077 0.07211538461538461
0 0.3473557692307692 0.6382211538461539 0.10817307692307693 0.06971153846153846
0 0.2824519230769231 0.8389423076923077 0.08413461538461539 0.0889423076923077
0 0.23798076923076922 0.9411057692307693 0.10576923076923077 0.08653846153846154
0 0.3557692307692308 0.47115384615384615 0.15865384615384615 0.0625
0 0.27524038461538464 0.6622596153846154 0.1201923076923077 0.08173076923076923
0 0.2247596153846154 0.8149038461538461 0.09615384615384616 0.08173076923076923
0 0.24158653846153846 0.7451923076923077 0.10096153846153846 0.08653846153846154
0 0.29447115384615385 0.5204326923076923 0.11778846153846154 0.08653846153846154
0 0.19110576923076922 0.8557692307692307 0.0625 0.04807692307692308
0 0.24879807692307693 0.4891826923076923 0.11778846153846154 0.0985576923076923
0 0.13822115384615385 0.7956730769230769 0.0985576923076923 0.08173076923076923
0 0.14903846153846154 0.7223557692307693 0.125 0.08413461538461539
0 0.1778846153846154 0.5360576923076923 0.14182692307692307 0.09134615384615384
0 0.1502403846153846 0.6274038461538461 0.08173076923076923 0.08173076923076923
0 0.171875 0.4567307692307692 0.17548076923076922 0.03365384615384615
0 0.11778846153846154 0.5985576923076923 0.14903846153846154 0.10817307692307693
0 0.140625 0.48677884615384615 0.12740384615384615 0.09375
0 0.04927884615384615 0.8088942307692307 0.0985576923076923 0.0985576923076923
0 0.06370192307692307 0.6670673076923077 0.12740384615384615 0.07451923076923077
0 0.015625 0.9507211538461539 0.03125 0.09375
0 0.027644230769230768 0.8497596153846154 0.055288461538461536 0.0985576923076923
0 0.07932692307692307 0.47475961538461536 0.11057692307692307 0.06971153846153846
0 0.018028846153846152 0.7043269230769231 0.036057692307692304 0.08653846153846154
0 0.039663461538461536 0.5600961538461539 0.07932692307692307 0.10096153846153846
0 0.038461538461538464 0.46033653846153844 0.07692307692307693 0.040865384615384616
0 0.8954326923076923 0.9591346153846154 0.20432692307692307 0.07692307692307693
0 0.9350961538461539 0.9086538461538461 0.125 0.09134615384615384
0 0.9074519230769231 0.84375 0.18028846153846154 0.15865384615384615
0 0.9098557692307693 0.7944711538461539 0.17548076923076922 0.2283653846153846
0 0.8954326923076923 0.59375 0.14182692307692307 0.07692307692307693
0 0.5444711538461539 0.5853365384615384 0.20192307692307693 0.10336538461538461