0 0.006009615384615385 0.36538461538461536 0.01201923076923077 0.057692307692307696
0 0.018028846153846152 0.25 0.036057692307692304 0.04326923076923077
0 0.010817307692307692 0.47115384615384615 0.021634615384615384 0.052884615384615384
0 0.020432692307692308 0.21875 0.040865384615384616 0.028846153846153848
0 0.042067307692307696 0.4266826923076923 0.08413461538461539 0.06490384615384616
0 0.055288461538461536 0.1778846153846154 0.07211538461538461 0.036057692307692304
0 0.07572115384615384 0.3004807692307692 0.04326923076923077 0.036057692307692304
0 0.08413461538461539 0.09134615384615384 0.052884615384615384 0.021634615384615384
0 0.4723557692307692 0.16105769230769232 0.055288461538461536 0.08173076923076923
0 0.5024038461538461 0.10817307692307693 0.055288461538461536 0.03125
0 0.5528846153846154 0.29447115384615385 0.06971153846153846 0.07692307692307693
0 0.5733173076923077 0.40024038461538464 0.04567307692307692 0.07932692307692307
0 0.5649038461538461 0.47836538461538464 0.0625 0.08173076923076923
0 0.578125 0.06490384615384616 0.036057692307692304 0.12980769230769232
0 0.6418269230769231 0.028846153846153848 0.08653846153846154 0.03365384615384615
0 0.6947115384615384 0.5012019230769231 0.0985576923076923 0.04567307692307692
0 0.7331730769230769 0.2956730769230769 0.08653846153846154 0.06009615384615385
0 0.8737980769230769 0.46153846153846156 0.125 0.040865384615384616
0 0.8966346153846154 0.4326923076923077 0.0673076923076923 0.03125
0 0.9603365384615384 0.3737980769230769 0.04807692307692308 0.057692307692307696
0 0.984375 0.5600961538461539 0.03125 0.03365384615384615
0 0.44711538461538464 0.7223557692307693 0.2980769230769231 0.2091346153846154
0 0.9495192307692307 0.7824519230769231 0.09615384615384616 0.19951923076923078