0 0.33533653846153844 0.23197115384615385 0.055288461538461536 0.028846153846153848
0 0.22355769230769232 0.3004807692307692 0.0889423076923077 0.04567307692307692
0 0.2247596153846154 0.328125 0.06971153846153846 0.03365384615384615
0 0.9783653846153846 0.31850961538461536 0.038461538461538464 0.06009615384615385
0 0.3161057692307692 0.5625 0.09134615384615384 0.052884615384615384
0 0.30288461538461536 0.5108173076923077 0.10817307692307693 0.06971153846153846
0 0.3004807692307692 0.6141826923076923 0.1201923076923077 0.06490384615384616
0 0.3088942307692308 0.7247596153846154 0.15625 0.13942307692307693
0 0.2692307692307692 0.48197115384615385 0.08653846153846154 0.04567307692307692
0 0.3076923076923077 0.8641826923076923 0.10576923076923077 0.07932692307692307
0 0.21033653846153846 0.47836538461538464 0.10336538461538461 0.038461538461538464
0 0.2668269230769231 0.9735576923076923 0.10576923076923077 0.04807692307692308
0 0.22716346153846154 0.9110576923076923 0.12259615384615384 0.08653846153846154
0 0.7247596153846154 0.7439903846153846 0.4110576923076923 0.37740384615384615
0 0.8834134615384616 0.9278846153846154 0.2283653846153846 0.13942307692307693