0 0.38100961538461536 0.26322115384615385 0.01201923076923077 0.03125
0 0.36899038461538464 0.31009615384615385 0.036057692307692304 0.038461538461538464
0 0.3605769230769231 0.21033653846153846 0.040865384615384616 0.028846153846153848
0 0.31490384615384615 0.3137019230769231 0.055288461538461536 0.05048076923076923
0 0.3233173076923077 0.20552884615384615 0.04567307692307692 0.036057692307692304
0 0.3581730769230769 0.8798076923076923 0.057692307692307696 0.0625
0 0.3401442307692308 0.8004807692307693 0.08173076923076923 0.05048076923076923
0 0.17307692307692307 0.6262019230769231 0.08173076923076923 0.055288461538461536
0 0.8858173076923077 0.71875 0.12980769230769232 0.04807692307692308
0 0.5240384615384616 0.7283653846153846 0.036057692307692304 0.02403846153846154
0 0.46274038461538464 0.59375 0.036057692307692304 0.028846153846153848
0 0.4098557692307692 0.7019230769230769 0.040865384615384616 0.02403846153846154
0 0.39663461538461536 0.7139423076923077 0.014423076923076924 0.02403846153846154